% # columns="iteration, evaluation, sigma, max axis length,  min axis length, all principal axes lengths  (sorted square roots of eigenvalues of C)", seed=705679, Wed Dec 24 14:38:29 2025
1 17 0.28262349304536144 1.0474747080934481 0.9228773384213964 0.29352050917127276 0.27925514168183047 0.2807016746324458 0.284068235247662 0.2619423507357391 0.26082681703706123 0.2886493209857847 0.2898209907407942 0.2650597273817488 0.2846603003363967 0.28758570775137704 0.29604096087804066
1 52 0.27357885268998977 1.1474155269494244 0.932861138104594 0.2764742281469797 0.2704024753955381 0.274299065863485 0.2705884444930574 0.2557834608876755 0.2641815773012601 0.2640389760951146 0.2552110798817329 0.31390862342150355 0.2665059008015784 0.26726984109199103 0.2651212800281638
2 86 0.2579136581570577 1.189926208384184 0.8704390903013629 0.24875905696145365 0.26677084504389353 0.24925260031043753 0.25123619064769637 0.24157235730460083 0.23161215671182725 0.22837444448147506 0.224498129982526 0.3068982213413222 0.2397774724804994 0.242716810895766 0.24806779260777595
3 120 0.2908143018608749 1.1462068103266787 0.8354521329368315 0.2740525930281115 0.2894812812706012 0.27486751826437283 0.29342571907782394 0.2728134626883232 0.25750734315792295 0.26052776225726687 0.24296142877820354 0.33333333333333337 0.2623072676509005 0.2694491623712677 0.27049621014280817
4 154 0.2849811070950531 1.1209171727566445 0.7830998349570497 0.2595442412778828 0.27329806545577756 0.24167071434708384 0.26534425122746913 0.25812224448567006 0.2235040536258207 0.27726427791361036 0.22316865793201338 0.31944021685404544 0.2436924481999106 0.2530385371071391 0.27041712017893815
5 188 0.29934035531792197 1.113559623390265 0.7469181825916946 0.25660067501288847 0.2692804486162174 0.24224641192321644 0.2661940668204949 0.27660909804317985 0.2235827541704144 0.277474520934535 0.2298521085844365 0.33333333333333326 0.24870288834651286 0.29620857886097246 0.29374504420243586
6 222 0.29519830587709633 1.129184438721387 0.6972363418364637 0.24091139570440126 0.2629681620644895 0.2281830143461304 0.2568568543707339 0.28670251320630563 0.2058229869060681 0.2665939668882497 0.22005380246124562 0.3333333333333333 0.22700771300356562 0.2663655352481006 0.3262881944524844
7 256 0.3239616907847385 1.0289282431076763 0.6429223730934693 0.25242454441464784 0.2855923354373066 0.2531728828189776 0.2547783494292955 0.3123884633470576 0.2082822190306968 0.29095489482543335 0.2436282995763226 0.33333333333333326 0.22756983552656157 0.28952838046456525 0.33333333333333326
8 290 0.35406776155776726 0.9414393783460824 0.6239610008117056 0.28162237454132083 0.3027015883548292 0.261129500245645 0.27960313096522343 0.3333333333333333 0.2209244748567448 0.29419780376185256 0.26371326440090714 0.3333333333333333 0.2727077353775514 0.3333333333333333 0.3333333333333333
9 324 0.337630698288363 0.9610887107500551 0.6177475096140526 0.24960622432130344 0.2756538061202497 0.24734262335035007 0.25728491559956296 0.3178501936294408 0.2085705230368898 0.2723698438609468 0.25545549830075825 0.29220485288356635 0.254682366303291 0.310247370909296 0.32449305252760363
10 358 0.3194697197033109 0.8987240283082911 0.6133570341622563 0.24002917414828787 0.2512040851196494 0.217764343363323 0.2265443584640176 0.28512422003964705 0.1959489997818701 0.2550355671934131 0.2267748394653045 0.2626345403433519 0.23694004901097607 0.28693385924444065 0.2871151134142802
11 392 0.3076840451916717 0.8697700057600087 0.5782591034786775 0.2033668253118914 0.23553000064396457 0.22637001152661157 0.2039863078326779 0.2676143537586231 0.17792110012722895 0.23143892970579977 0.2185574697929781 0.25657651074590504 0.2179267396727678 0.23957940725389956 0.260513060012552
12 426 0.2934164484329669 0.8462167854872239 0.6105176644578127 0.18136725431164233 0.23875304786930707 0.21385224914509124 0.1836166182401879 0.24829392380202303 0.17913592481080118 0.22235297256368589 0.17924748858680903 0.2364595674588459 0.21480087085439797 0.24822008122023945 0.24749306734245008
13 460 0.2673338748002688 0.8090086163485883 0.5738176298825658 0.16873798562929532 0.2149106782433633 0.16949918933983582 0.18200740280538666 0.20482981726647953 0.16476477557934172 0.18924976289249118 0.15340089042521285 0.2143285388540221 0.17971240538585767 0.21172356835883255 0.21627540815527221
14 494 0.25591334366908214 0.8494519445878148 0.569557807506832 0.14702600713692857 0.18409859638537154 0.15821848155792648 0.18149908063144793 0.20561655298279594 0.15735393126238237 0.1657846981318591 0.14575744293190485 0.18579675532990977 0.15610717608289162 0.20866474706303811 0.21738608742567156
15 528 0.246174836941761 0.9027470615294788 0.5465636576654542 0.13959951331804651 0.17609690228258457 0.14618791311146498 0.17701352069503407 0.18689770122798482 0.16279596194000398 0.15854062230625826 0.14406174525498575 0.1786820795440284 0.13455021930408567 0.19935423996171656 0.22223361067167335
16 562 0.2691506076087842 0.9531170617210932 0.54847323932537 0.15134843522506225 0.18691608675759808 0.16281676165503545 0.2008419833872278 0.202672406990438 0.16342324905302022 0.1749961638402194 0.1762695446724094 0.19166707617201537 0.14762190562158142 0.23051473597848 0.2565320362845313
17 596 0.2719845890709805 0.9462202446074983 0.5429684124512104 0.1502178006450052 0.18726863673192584 0.15849978524656302 0.20325838858477738 0.19338715420870828 0.16074152177771692 0.1680509368021929 0.179781248130254 0.17483157401422744 0.1476790405390651 0.24027261416395124 0.2573573244002131
18 630 0.26774109549055325 0.976369805492022 0.5113348589934777 0.1483171119306854 0.189933774026415 0.14059312869078278 0.1991477414481004 0.17885590461469256 0.15464013132693782 0.1484596714945685 0.15873303711765044 0.1558030652383795 0.1369053553094213 0.24691458037753347 0.26141432132633236
19 664 0.24215728037261702 0.9751494638726688 0.4835447253098015 0.1250405278280283 0.17117562197275482 0.11709387561954569 0.17074536100992804 0.15638710042415968 0.12635995921406426 0.12229078321958285 0.13581242884016825 0.14037524375295696 0.12448548893990334 0.23613954212822102 0.22568881324858095
20 698 0.2219066728168352 0.970400583209412 0.4814772610465884 0.1194391469387624 0.1647068051690147 0.10684301703581124 0.15579079207067473 0.13832990786856875 0.1121924197482963 0.1091861958210331 0.12598162302192306 0.12975515029238735 0.10982024716402393 0.21533836471951706 0.20574297236616887
21 732 0.22188350264662576 0.9697195465544471 0.4539743707418198 0.1212593443202136 0.1589932384942394 0.112974152223269 0.1459381138967989 0.13115822996689105 0.10072942349199283 0.10588725819035776 0.13795340036997533 0.12805171594300135 0.10612046087034713 0.2151647695743984 0.1984799705402107
22 766 0.21201001064023753 0.9851529003599734 0.4501874955018925 0.11047473993728579 0.14021089355473593 0.11530328268015068 0.1451697768735354 0.1121004844215077 0.09544425571145812 0.11172757081048484 0.1351172435840704 0.1210868595380276 0.10164255695110617 0.20886227688757883 0.18556037460897576
23 800 0.20381027166312352 0.9416192066978266 0.4232687981978514 0.10555147888614909 0.13241518542261485 0.11763724210928102 0.13473053187904496 0.10669401196442077 0.0862665287472279 0.10026477314971631 0.13663839833184271 0.12265260007757708 0.09235879313127321 0.1919116663202989 0.1771106871932918
24 834 0.21206131937483036 0.9571063214870832 0.397691525397826 0.11275089874795828 0.1332745607414972 0.12983574766341435 0.13923540002688875 0.11021975528189043 0.08874318141584048 0.09800391473938672 0.14495900446049356 0.13181867927330201 0.08433498958005184 0.19361242035585927 0.2029652293165414
25 868 0.18658103116186048 0.9325029748894538 0.34141280904394883 0.10003043909942709 0.11116434615407195 0.10966132850033897 0.11545936923671542 0.08905918820547962 0.07513086504853891 0.07849283212020211 0.12471564006601174 0.10919060532162031 0.06370115396328734 0.17398736661637676 0.1640922876406232
26 902 0.1786541168940772 0.9588956083774958 0.340627838069269 0.09967113194060788 0.10568390209954559 0.09906850200326363 0.1037105269318248 0.07696514978509758 0.07731510325023622 0.07311551487509571 0.1163047852367304 0.10120031749793962 0.060854565599803984 0.17131064810829041 0.16418023923998507
27 936 0.18839310305533233 1.0024334854372516 0.340776906767222 0.10479313604943674 0.11343273262427932 0.11242605042106196 0.12260846810235831 0.0781427225032242 0.08097203782490343 0.07431396463899005 0.11701511627392923 0.10474368964038565 0.06420001891547462 0.1591521125719706 0.18885155492809613
28 970 0.18506819148695053 0.9373308649379408 0.34377729241455146 0.09528783405660958 0.13035717571049893 0.09430950123233606 0.12999720319274097 0.06591225091715565 0.07499165537014858 0.06975461658861597 0.11704800597711301 0.10955723326663365 0.0636222417814416 0.14556332012214884 0.1734701279989638
29 1004 0.17941501149796182 0.8909737965045733 0.32929346730494097 0.08759264301244801 0.1258090662313079 0.09189267716193726 0.1331608014968898 0.060007425004836856 0.06440397045386652 0.0590801912227197 0.11398774793591888 0.10043099894139304 0.06279377890059183 0.1384048450188131 0.15985407394425072
30 1038 0.17052269822358215 0.8059033045422976 0.2902497795037172 0.08299897313595982 0.10955922106287093 0.09036077665774139 0.12785189686488413 0.05237804717964409 0.062023273166021395 0.04949417555977363 0.11071078001645222 0.0959122356304025 0.05409533929115601 0.10230784527115006 0.13742480599785384
31 1072 0.1691232984564744 0.786477503717043 0.26706272792385344 0.0750885488135308 0.11038161597065968 0.08401155950402368 0.11855258362922222 0.04516652944126608 0.06119301230561305 0.046514561697583445 0.11025576089656623 0.08958539438891085 0.04875338831302133 0.0979554090953729 0.1330116695904404
32 1106 0.1638652795843653 0.7561874245195078 0.2243278995685994 0.0667576393201068 0.11251265857508091 0.07789368071504514 0.11554547201223128 0.03675955398138196 0.05723432081364989 0.04429649090122917 0.1101740025580697 0.0757959407605898 0.044658933297856473 0.0875903438435607 0.12391286373707029
33 1140 0.17046291784835857 0.7370225759229181 0.22419344302048008 0.06472566291831389 0.11882204937932002 0.08471752796480449 0.11804615701464088 0.038216668459740755 0.07543665342688906 0.04432710239410641 0.10764535996111385 0.07846736924565245 0.04454914651218164 0.08005393340224247 0.125635018811934
34 1174 0.17367776849843042 0.7458198142118264 0.1990698781046693 0.060073842902472765 0.12953232103422396 0.08523043352941624 0.12278475910785278 0.034574012204473516 0.08904571261263189 0.044310398172380056 0.09949476832752237 0.07070688324819868 0.04350697661678278 0.07448799099869245 0.11087932092597087
35 1208 0.19631611607645913 0.7440850713234196 0.17770529528436585 0.06874630715205422 0.13477382754512354 0.09547357280608884 0.14607589123268883 0.03488641337644701 0.1375741757781454 0.046928011392315096 0.10854323112694932 0.07716366176136129 0.04972627458999737 0.07592415093393645 0.11467325122519269
36 1242 0.20846825494282023 0.8079898824921173 0.1538862535537649 0.06864728139226091 0.14119478305418864 0.10291376783132698 0.15314982837261518 0.032080398738041735 0.16844024081458608 0.05027091858869805 0.10988943069758293 0.07305763374567487 0.051592120396304675 0.0736554563243898 0.11816916130391071
37 1276 0.2018720516758949 0.8101597897340946 0.13850169477848992 0.06415991939778141 0.13322702601951034 0.10453400607175477 0.14049350358095453 0.02795962128552234 0.1635486189389333 0.05116040202033159 0.10462708869349735 0.06634589366376703 0.04366746481928681 0.06994043859302818 0.09979074666380396
38 1310 0.1919003542257453 0.8167120670617494 0.1357605228229023 0.05737786856436974 0.12957242612734732 0.10033802408823043 0.1323157237970537 0.02605249241958733 0.15672733496959035 0.049814969791743074 0.1020070145335295 0.05511274241706262 0.03854800738006561 0.06538234583430808 0.09539541981050878
39 1344 0.17608510854416815 0.7463564382315496 0.13075961424860424 0.0517745696850264 0.1117606758865904 0.08909158407174592 0.12376650667652153 0.023024820868159036 0.13142225443864114 0.04795979790470031 0.09466675950654796 0.047543286817631245 0.03473928967028856 0.058151200331032465 0.08716642848701568
40 1378 0.16067843132974255 0.6952143132514224 0.12477353603585366 0.044441822680969245 0.093026630402045 0.08643856686772589 0.1117059452912228 0.02004841604170607 0.11019534098040226 0.04326732672655235 0.0853422521345617 0.03976713605552323 0.032782029199837574 0.04703793701546244 0.07652691685357836
41 1412 0.1444535696925928 0.727580010194463 0.12795113843645892 0.0404298686788139 0.07909186384941852 0.07770075446020676 0.10510152970956323 0.018482998693377606 0.08721608030862836 0.03919546738021535 0.0719469700394462 0.03416158290482378 0.02894097868570799 0.04222663721903817 0.06333821984837683
42 1446 0.14083315003824687 0.7201778067868186 0.14191044886046428 0.038352068036186814 0.07981035653442774 0.07182020911793079 0.10142490911742359 0.019985695536360724 0.07396779192591443 0.03728467864602432 0.07525821670810638 0.031353448028752534 0.02744442742261079 0.03772898180880241 0.05959771222982233
43 1480 0.14043195779017342 0.7456788878724369 0.12001569942478203 0.03664863300326789 0.07885931795059407 0.07366493751428184 0.10471714610672551 0.016854039635779132 0.07056101500424375 0.03143992638033646 0.07344175831089672 0.029449071304244956 0.026029804231137606 0.03577323726012266 0.056100944901719615
44 1514 0.132101798611892 0.733520753421829 0.1136459353116407 0.03474371177598093 0.0724955771664809 0.06999515864745083 0.09689941084617375 0.015012832459598465 0.06404036788823447 0.028151015849061208 0.06439691450063745 0.025052579485121258 0.02336675540684309 0.03323693898366392 0.04621959846229786
45 1548 0.12898821401448046 0.7230334040721055 0.11143661318998255 0.0329060433641149 0.07547368873974851 0.06422287664049546 0.09326278746407107 0.014374009711198345 0.05634645711093953 0.02643984220085934 0.060343761267763696 0.021839101058073327 0.025036284452663846 0.030817675919973704 0.043407293731274735
46 1582 0.12793403458264885 0.6966445780616269 0.10619666722313628 0.032993627171619896 0.07389410929466082 0.05809149498836376 0.089124551541551 0.013586168097086768 0.04938149511922811 0.025878712734323045 0.056133142494063544 0.021048586610300724 0.023355433245018993 0.02807024217564344 0.0417559119683422
47 1616 0.12959118867017563 0.65334926817631 0.10684079599782936 0.03392899677341937 0.07745024708238829 0.058407831909945584 0.08466830827975737 0.01384562575182645 0.043702827465200454 0.02569069380065761 0.052250232397111004 0.02398468600529252 0.023432333660790713 0.028486419443363588 0.04177090424798823
48 1650 0.1507929006229044 0.56912996640514 0.11132780630236656 0.04144157664373867 0.0858207584656472 0.0755621916766388 0.08257094573601094 0.01678744283231871 0.04450209973702334 0.02807755173112616 0.05285903959041539 0.03379775869060694 0.029217461376115555 0.03464263360493824 0.047694941242047005
49 1684 0.1514042717006617 0.5591298835524929 0.11277460684862524 0.04041114374478297 0.08465465280534099 0.07089114844126933 0.07821621682176935 0.01707455721624456 0.03681837777391361 0.028503738091351732 0.04818743051690442 0.032565679394054935 0.030547903240549925 0.035821303674259244 0.04837991925760487
50 1718 0.139656419052195 0.5321474210588982 0.1009851298365979 0.03466909645053281 0.07431780323294634 0.06477055873770445 0.07070073546911139 0.014103221610500236 0.02855188809117737 0.028670350909057275 0.04153891495402014 0.028163099659916604 0.02782154496595574 0.03247239349526146 0.04048561453200995
51 1752 0.13435345637228047 1.0000458343836967 1.0 1.0 1.0000041666753472 1.0000083333680556 1.0000125000781253 1.0000166668055563 1.0000208335503487 1.0000250003125026 1.000029167092018 1.0000333338888951 1.0000375007031337 1.0000416675347343 1.0000458343836967
52 1786 0.13436528984430957 1.0987932652157406 0.8757784978920861 0.8757784978920861 0.9332662113384654 0.9455314757006534 0.9680689417082462 0.9748394610201228 0.9819645676227021 0.9870854506514176 0.9988532008760463 1.013352614635946 1.0518748912436797 1.0672135933443783 1.0987932652157406
53 1820 0.1494417794843289 1.1516216525740284 0.8420257645026891 0.8420257645026891 0.8622278457076821 0.9061480378238298 0.9267472632158271 0.936694311557967 0.9654083965741374 0.986279793580362 0.9916994859127362 1.0380188740099106 1.0688073502488835 1.1116544498859748 1.1516216525740284
54 1854 0.14964972764463277 1.2437993420787925 0.7872361802282509 0.7872361802282509 0.8274929277235348 0.8678341921503344 0.8985850945493075 0.9173623276911184 0.9642172105754577 0.9826027789446752 1.0187491141725442 1.066480478218176 1.0985888571586042 1.1177013126143143 1.2437993420787925
55 1888 0.14600132866291993 1.237640301244886 0.7761624908535206 0.7761624908535206 0.8093856980191091 0.8532826650756469 0.8877403228568981 0.8975296518071585 0.9418118809724776 0.9611651062890184 0.9980654493425987 1.0511644887535427 1.0758523765309218 1.1252967569491983 1.237640301244886
56 1922 0.12382349844536025 1.2616113193152458 0.7411144929791693 0.7411144929791693 0.77058979482998 0.8198386737999835 0.8585436390920623 0.8958985949293574 0.9525168305481754 0.968368404548691 0.9884171760481943 1.0348393366251774 1.0583097797207213 1.1675803759762584 1.2616113193152458
57 1956 0.11384748017943037 1.22896665279428 0.6986785755174874 0.6986785755174874 0.7442942518328157 0.8074921486240988 0.8306116522854732 0.8895576783910857 0.9050439427801398 0.9256831026597488 0.9833849699772691 1.0290544876641639 1.0735860028987314 1.1479502602643021 1.22896665279428
58 1990 0.11916011222229862 1.2343929729577687 0.6399513406148456 0.6399513406148456 0.7379786475953616 0.7889365899014019 0.800162754033537 0.8586515122696472 0.8747570793376415 0.9333666052334648 0.9669470760258664 1.0142206334777033 1.0642786342889548 1.1604397814190186 1.2343929729577687
59 2024 0.11518694141590702 1.2612308616830132 0.636237138607369 0.636237138607369 0.7295861350362024 0.757479176434473 0.8178275509740872 0.84800299280857 0.8867737924299931 0.8980605019256881 0.9747676814104664 1.028286609729884 1.0624964601397529 1.1103887067950753 1.2612308616830132
60 2058 0.10619274926578949 1.2695775153868076 0.6254667136952999 0.6254667136952999 0.678790394927478 0.7580588532780982 0.8039191465050528 0.8101219555091503 0.8771142608169193 0.8873512956665489 0.9650242013176075 1.0060914638765668 1.0593538577515944 1.1282665574129787 1.2695775153868076
61 2092 0.10745471849293947 1.2511258745349545 0.6077995761810912 0.6077995761810912 0.6535805586385719 0.7251070447049253 0.7973877130282863 0.8174867186542113 0.8281981393227794 0.8850222191713207 0.952719539965215 0.9964660181252087 1.088989000085577 1.1159223936368856 1.2511258745349545
62 2126 0.10652689562956402 1.2166899932273014 0.5891668773945554 0.5891668773945554 0.6623590324942851 0.7248511544424602 0.7699456427759341 0.7866834847074398 0.8053788754015199 0.8922340818128334 0.9493685953687859 0.9580975982759011 1.0870366599312498 1.1714333919925377 1.2166899932273014
63 2160 0.10319838611785534 1.197977181297767 0.5606797415156038 0.5606797415156038 0.6369527745580846 0.6961655523560936 0.7449433941982085 0.7710011778589052 0.8011286142313159 0.8860231069984976 0.9144143408141897 1.0104875350398113 1.1262934566010896 1.1663425709452164 1.197977181297767
64 2194 0.09604647953513955 1.2539217079096325 0.5363143298146696 0.5363143298146696 0.6196475097182661 0.671338551382537 0.7309339889721049 0.7534886270879787 0.7941057987193344 0.8914129210072165 0.9075641848661078 1.0181998902443814 1.1453140141836917 1.1598127925778652 1.2539217079096325
65 2228 0.09576076981452628 1.2930795108368565 0.5235539335584575 0.5235539335584575 0.6104364674667139 0.6685338596733584 0.6972400670659885 0.7355907450575226 0.8009048518531513 0.8478848004861128 0.9056453775211922 1.0164316411304375 1.126160822237031 1.1468773957364333 1.2930795108368565
66 2262 0.09296582680415894 1.362170917444566 0.5133451452314551 0.5133451452314551 0.5865665757776759 0.6620258999826877 0.6737029577548734 0.723239513197158 0.7562653883605407 0.8423933570679772 0.910336001933487 1.0202121393441286 1.0911786518687263 1.126578229986574 1.362170917444566
67 2296 0.10063263406252443 1.3853382499364821 0.5033224988419478 0.5033224988419478 0.5688391947228605 0.6402590034254123 0.6624952195362923 0.708487554021279 0.7454779846902801 0.8272841614292605 0.8806170439493648 1.0077343836537305 1.1013193487830908 1.1810060860382214 1.3853382499364821
68 2330 0.09525942978116678 1.4519099289503736 0.46495567317924846 0.46495567317924846 0.5603021564196212 0.6266388206747217 0.6674878872679746 0.6824239996215642 0.7307839183173971 0.8372222890012775 0.859100067716953 1.0249871498317327 1.0982052971700962 1.251495532662969 1.4519099289503736
69 2364 0.08441964582551209 1.446050919210758 0.4400410594831334 0.4400410594831334 0.5676179779322506 0.6250048112235533 0.6295596960290158 0.6593036090091635 0.7229346727106168 0.8046579211590434 0.8591526643329296 1.0108379118221567 1.1007873611122532 1.2463177262536753 1.446050919210758
70 2398 0.08010655337418304 1.443860455134912 0.42485698028261365 0.42485698028261365 0.5421455325225347 0.5914697182353479 0.5993027566216825 0.6148516556740751 0.7178111364788091 0.7975237671995205 0.8618213218430282 1.0028931257489562 1.0830216272039608 1.2332962693331708 1.443860455134912
71 2432 0.07970568211046322 1.4786062724984754 0.3992479588031575 0.3992479588031575 0.5576641374364067 0.5651253453910459 0.5781583371310424 0.6113392666928972 0.7219492162819408 0.7667410280969639 0.8448465954540403 0.9799955180730214 1.05734811535167 1.2361555856968172 1.4786062724984754
72 2466 0.08198982294010178 1.5501454678450914 0.3767166457940482 0.3767166457940482 0.5384778775201303 0.5504011459586039 0.5585436936820147 0.6258540897811963 0.703161258397472 0.7644248970915153 0.8230287022266827 1.0006771741642249 1.0656416623389113 1.2249359875647414 1.5501454678450914
73 2500 0.08981610755342033 1.5814662050752133 0.3509569420183395 0.3509569420183395 0.5258147288372294 0.5505121677737234 0.584528609191323 0.6081383616856968 0.6894573773141046 0.7270418332601821 0.7956627428901245 1.0162252109749959 1.0566871649539538 1.2316159939176468 1.5814662050752133
74 2534 0.09579264218844834 1.5917191195283655 0.33458060206335805 0.33458060206335805 0.5040405464080433 0.5449863944980649 0.5694040249579052 0.6086808424743804 0.6812729812828126 0.7642009992456403 0.7898030371396177 0.9888332978466223 1.0749749797494743 1.1955165825827616 1.5917191195283655
75 2568 0.08643142292342579 1.627711145053687 0.3326499915752307 0.3326499915752307 0.4901791680859695 0.52894988907321 0.56266245270499 0.5923745575031667 0.6691561937822443 0.751925768349928 0.7671844464314971 0.9665870233559428 1.1111181304105204 1.1813754591339751 1.627711145053687
76 2602 0.093002441762329 1.6140743291033919 0.32214872555038715 0.32214872555038715 0.4601472083120728 0.5118406499460928 0.5497369297958353 0.5905546087480216 0.654185737960016 0.7360199898871053 0.7717142035519334 0.9770106173263816 1.115293019905844 1.1852654495057726 1.6140743291033919
77 2636 0.0904342508364441 1.7098771819779583 0.3055158383872003 0.3055158383872003 0.43326485861785924 0.49693697291118505 0.550139298420285 0.5769031192653675 0.6568870625794826 0.7257413968549524 0.7333369927708429 0.974130052257532 1.1398848303735876 1.206740557437811 1.7098771819779583
78 2670 0.08763481815260114 1.7348043903622727 0.29846723433853495 0.29846723433853495 0.4141818444534681 0.46352371838341827 0.5294651574214905 0.5806179215866224 0.6481843292855024 0.7119773720287824 0.7295560520098757 0.9453452564225494 1.1065501921457834 1.2456556706769397 1.7348043903622727
79 2704 0.08273575120710175 1.7415032354097404 0.28351432911388547 0.28351432911388547 0.4099282558338511 0.45561148640661575 0.5042837370691077 0.5666046571659382 0.6117996942531122 0.6857239538361771 0.7550382512047595 0.9389821917674008 1.1057125996295465 1.2422442694771998 1.7415032354097404
80 2738 0.08496668551952433 1.7166259235235455 0.27291580504428437 0.27291580504428437 0.40025371794055464 0.4507673592541004 0.4824451456352532 0.5687580683516876 0.6032132489611585 0.6897703336217188 0.7676280721994915 0.9450379688438538 1.1044183218244223 1.2953440041911166 1.7166259235235455
81 2772 0.0791899257696382 1.8421082792610777 0.26924964862024553 0.26924964862024553 0.37285705161434646 0.4392414862160545 0.4740316698753061 0.5402868577851809 0.5827636377136232 0.6700736917297068 0.7777375530624099 0.9546760340303315 1.1095803223373548 1.3568816644255697 1.8421082792610777
82 2806 0.07822420384165897 1.8251574395409942 0.25709496515807284 0.25709496515807284 0.3641552873700005 0.4285291444655643 0.46615810989853473 0.5207412897583644 0.5863627308705244 0.6572474334540279 0.7704484960405231 0.9694490841371843 1.118458896328459 1.336751979962881 1.8251574395409942
83 2840 0.07674656786614958 1.8621372724972391 0.24705847796744967 0.24705847796744967 0.35282718107064737 0.4184209239166368 0.4624362042851531 0.5053230337812269 0.6028061267310523 0.6659837009535972 0.748203497453303 0.9579416600672384 1.1057811619606608 1.3062195817353017 1.8621372724972391
84 2874 0.0740539921415012 1.8902509755056234 0.24221926278978395 0.24221926278978395 0.34911320393585715 0.40030617886384423 0.4647093893347798 0.49207041171516214 0.578894675557326 0.6448552520700932 0.7444800908604354 0.9792003767820083 1.0774645251925272 1.3279433577654176 1.8902509755056234
85 2908 0.0792312916123763 1.9016988972586268 0.23654111963119484 0.23654111963119484 0.33720230204459783 0.38740331669707595 0.4699557374348147 0.4969791387257064 0.601821136898143 0.6359305200016302 0.7405592971380568 0.9548860619539727 1.055582086315629 1.265471560087569 1.9016988972586268
86 2942 0.0737227601542433 1.9784247562643364 0.2342914551751777 0.2342914551751777 0.3274517094252801 0.37761580641052667 0.4649621150936869 0.4935869573887497 0.5704737966805141 0.6475303888109393 0.7356522235894485 0.9373720433896678 1.0488651638883741 1.2679258023567757 1.9784247562643364
87 2976 0.07183985373952954 2.0055247704294445 0.22991895203172802 0.22991895203172802 0.3241633234244581 0.3525978452168422 0.4610145813974369 0.48351003375142354 0.5690730427400794 0.627453989555687 0.7232435414749864 0.9181464492599652 1.050837822756429 1.270820493231229 2.0055247704294445
88 3010 0.0652147456480217 1.965672133979066 0.21696397825298785 0.21696397825298785 0.3186669889006321 0.34372046286393704 0.4408694638734785 0.48185049724677576 0.5783383195286358 0.6132614168562337 0.7378946372333662 0.9177631827946899 1.0081269119426353 1.2969086233292073 1.965672133979066
89 3044 0.05791754141135642 1.9231518249895594 0.21655717592525314 0.21655717592525314 0.2998691421759759 0.33212144291143036 0.4312873608666273 0.4787227602997911 0.5576971979591773 0.6033029893302423 0.7383160395359382 0.9334390327956983 0.9917558731217007 1.2810503478244522 1.9231518249895594
90 3078 0.05380445100578926 1.9046978274196686 0.21211106228238652 0.21211106228238652 0.28025620765716575 0.3292806536056169 0.4308499791673245 0.4619539680593032 0.5529562834434189 0.6031377757411079 0.7170946366645758 0.9174643397384996 0.991284650662018 1.2568119079691817 1.9046978274196686
91 3112 0.05353884285159887 1.9680938183219299 0.21183453805693922 0.21183453805693922 0.26284307759970954 0.32823129593756867 0.41973003483819005 0.47055397487836687 0.5333789033415908 0.5761807778660751 0.7208192334626826 0.9060632020606724 0.985800165363853 1.2403698958646736 1.9680938183219299
92 3146 0.05142024281966406 1.980548702693777 0.20962127184326515 0.20962127184326515 0.23433070366311254 0.31775583755589976 0.4167300897219043 0.46237994466957183 0.5239825522636217 0.5648371731976499 0.7388404736635547 0.8908832539895489 0.9905584888808191 1.2292778395037764 1.980548702693777
93 3180 0.05282470155261161 1.9463399457242598 0.20522944575285945 0.20522944575285945 0.22046180205946608 0.30946216436603075 0.40954288043004766 0.4641140818023132 0.5272449361441196 0.5600605207724239 0.7525193687825636 0.8878381709653782 0.9679510290681382 1.2085082006467636 1.9463399457242598
94 3214 0.053091831345232474 1.9491825324105616 0.19625163292331965 0.19625163292331965 0.21757414354944185 0.3027191289820133 0.4001317032549097 0.4735749430781808 0.5139648112826779 0.553767834966275 0.7364943864631845 0.9110263861180603 1.0027514625224287 1.2209673872281346 1.9491825324105616
95 3248 0.05506191942604735 1.9739340525657325 0.18264413977620617 0.18264413977620617 0.2103348475706137 0.29704904605185173 0.3888476233524538 0.4773032935097189 0.5082224620298551 0.544758616697118 0.7302412884541172 0.9127428892716655 1.0212830165311375 1.1985203856033513 1.9739340525657325
96 3282 0.05376650869437442 1.9059660154633298 0.17245564315508363 0.17245564315508363 0.2040467819548082 0.29349071984631425 0.38700462228853194 0.47796304799393463 0.49589477087900696 0.531751063866198 0.7377103901750746 0.9460503333445203 1.0486268778941668 1.2172454980879255 1.9059660154633298
97 3316 0.05202956730251396 1.912259870374669 0.1642582497635769 0.1642582497635769 0.19378777711977216 0.2851003719069894 0.38026383502241357 0.48802581847180315 0.5040182335641511 0.5234335318207549 0.7279460794769883 0.9358324705875883 1.0726593980617274 1.2541263077785536 1.912259870374669
98 3350 0.045161334419307975 1.9225881170906545 0.15951174499124826 0.15951174499124826 0.19229289368882482 0.27856371774505345 0.3698394300338606 0.4677289748162967 0.49543075513613843 0.5207079046189561 0.6953989042174552 0.9338390803125457 1.1092683170621072 1.2852136498472662 1.9225881170906545
99 3384 0.043341847442169436 1.8667122864317176 0.1522388836990351 0.1522388836990351 0.18182291479884788 0.27416354692888656 0.3629378228904546 0.4549095614198137 0.49915748606057103 0.5134861114008527 0.7100796323951459 0.9128394462036632 1.0832750255165826 1.2982204615408919 1.8667122864317176
100 3418 0.039383985961841624 1.8463719552100695 0.1443446333400225 0.1443446333400225 0.1771639549580845 0.2658023635799562 0.3576156746638531 0.4536012193436387 0.4833261423075422 0.5118618959894154 0.7065056057895984 0.9055740019953009 1.0489417237845102 1.3734727454784197 1.8463719552100695
101 3452 0.03685978627555206 1.8581584720351778 0.1309274007929793 0.1309274007929793 0.1775883578575076 0.264492456818869 0.349641812796611 0.4429252536076028 0.4720918611325829 0.509553201628174 0.6972943660325044 0.8750978774045812 1.0575402069751383 1.3775385857823315 1.8581584720351778
102 3486 0.03522099308572545 1.8564268081241309 0.1194026895291372 0.1194026895291372 0.17436215228765667 0.26092941448542306 0.3383951657167424 0.44299674090653074 0.4699765238233142 0.5399767932534958 0.7023866282010062 0.8558077810783583 1.0511810473105778 1.387012100909618 1.8564268081241309
103 3520 0.033734637238089685 1.9142018785698052 0.11059067441699154 0.11059067441699154 0.16995592332467804 0.25451494866347646 0.3398712802427836 0.4328369019032121 0.47377616743418177 0.5710071058992506 0.6914727236518194 0.8598980684607975 1.036326491263568 1.3926395614413196 1.9142018785698052
104 3554 0.033897951205269464 1.9158658978160017 0.10068942550296503 0.10068942550296503 0.17064565242408486 0.24444018384854113 0.3398021777333666 0.42363471879969933 0.47361500009416957 0.5829330324301704 0.6659529998245804 0.8549979466773739 1.0106575263705728 1.3859816974886818 1.9158658978160017
105 3588 0.032544447317917675 1.9098055054254979 0.09319920596240128 0.09319920596240128 0.1705359439895358 0.2381923123514442 0.33637419840729876 0.4219430034974429 0.5017012757795555 0.5963728408565899 0.6596238280093047 0.8607848415458883 0.9843821417991828 1.4240163905051713 1.9098055054254979
106 3622 0.03178234292337161 1.8641301886908035 0.0853893332714049 0.0853893332714049 0.16957653225858388 0.22959252411801823 0.3269270134034586 0.4277028013799274 0.49673883340780245 0.5707159971840002 0.6535681175416694 0.8892519318400791 0.9640954192597604 1.397702223634761 1.8641301886908035
107 3656 0.03086611509861448 1.8543936714202318 0.07880088256570324 0.07880088256570324 0.16885444017738513 0.22062356594151608 0.33200369182579087 0.4049529084110698 0.48466432233649087 0.553746642679424 0.6651772514104766 0.8793259768658723 0.9880349777839169 1.4280047183979254 1.8543936714202318
108 3690 0.030434319168835856 1.8399946023746099 0.07340460104067212 0.07340460104067212 0.17001758081473867 0.21116018733346545 0.32919358347908106 0.3936211171444745 0.47921972427744786 0.5478500161452131 0.6554049378258653 0.9211755706899923 0.9644651120267455 1.4360604950270903 1.8399946023746099
109 3724 0.029880896106925528 1.809222601704599 0.06876700918576177 0.06876700918576177 0.1738749857144892 0.20820431207267148 0.32811887992393507 0.3759541746605684 0.4529472250796833 0.5558030519482392 0.6413217669068422 0.9312496790181205 0.9979183535811506 1.4348460601174438 1.809222601704599
110 3758 0.02664847052531573 1.7999250595483234 0.06308803245741793 0.06308803245741793 0.16841605130683002 0.206153258387131 0.3223391783925932 0.36405704867985267 0.4416663620709397 0.5650996106271942 0.6429153289740712 0.9635984504285673 0.9933963524143296 1.4275734947197645 1.7999250595483234
111 3792 0.024482308597005255 1.7608948378393725 0.05912888687677577 0.05912888687677577 0.16827274649052487 0.20442433750406114 0.3140358857517335 0.3618615737466867 0.43418889856996773 0.5684868374074007 0.6308919056688093 0.9639415831399363 0.9875597202577387 1.3984952081663231 1.7608948378393725
112 3826 0.025358061379551218 1.7966515016662281 0.05704783100958816 0.05704783100958816 0.1649184911517716 0.19404923621600856 0.31388560937349774 0.3568061611023063 0.4161217198734686 0.5539414971768152 0.6205203526022979 0.9347263828839992 0.9884898071993061 1.4547932918927642 1.7966515016662281
113 3860 0.023477360475931984 1.7787509173600744 0.051519575395023116 0.051519575395023116 0.1631462484674119 0.1917066190534336 0.3171151451936712 0.359424694812982 0.4129688568477377 0.5422973935460218 0.6020759754253132 0.9208953020143007 0.9942010157727869 1.4664403159279553 1.7787509173600744
114 3894 0.021910647257143732 1.7979141029220824 0.04753801119033815 0.04753801119033815 0.1605674148329058 0.18791421920351573 0.30844112876160323 0.3466083717349467 0.406983258034086 0.5377873884842338 0.6038474439473741 0.9085174729970797 0.9623110643499371 1.498379747320455 1.7979141029220824
115 3928 0.021366285187863245 1.7495290147680176 0.044731694836260064 0.044731694836260064 0.15756544323351065 0.18384051455169517 0.2962538144618164 0.34493752736749944 0.4023860716660572 0.530601788336392 0.5985954714231758 0.8927280937127657 0.9716813657561049 1.5262143156313126 1.7495290147680176
116 3962 0.019266450358695782 1.7415608161845828 0.040328780803907185 0.040328780803907185 0.15339137637140735 0.17819198694799018 0.2824103078227399 0.33755353370543234 0.4072244774346334 0.5205206838095765 0.5873400862983587 0.8921555759844596 1.0474124559012996 1.543397032981665 1.7415608161845828
117 3996 0.01910884895407573 1.7143015549170368 0.03583555385157012 0.03583555385157012 0.14922958081881882 0.17141408641011568 0.2827740666018078 0.3387356820511048 0.40102523364325354 0.5185379743254015 0.5945799842089039 0.9078223170056734 1.0587321924630142 1.5772785727102954 1.7143015549170368
118 4030 0.01931756987177412 1.765046097958205 0.032692767428166354 0.032692767428166354 0.14636145832460443 0.1638081091665389 0.2900263822717696 0.3384498632187812 0.40773601030673057 0.4977482279639707 0.592810646836241 0.9125846144018219 1.055607311148494 1.567456535311962 1.765046097958205
119 4064 0.021169049072526744 1.7587045726128496 0.02884949968460099 0.02884949968460099 0.1461992393921743 0.16112478171810138 0.28749065983551464 0.3341743006046992 0.40611968261302284 0.4954724186162089 0.5823638384580996 0.8875179745161962 1.09466224910499 1.609955923259767 1.7587045726128496
120 4098 0.02281543717703303 1.7406298866363206 0.026868946643495237 0.026868946643495237 0.14854171800393048 0.16582648329343042 0.2660068079208634 0.34948569885247527 0.39400166979678497 0.46979888272236814 0.5839075531699808 0.8638259871312794 1.124287246217972 1.629221355324844 1.7406298866363206
121 4132 0.02520904222996561 1.7269571096678227 0.025889781561718492 0.025889781561718492 0.14364154411468177 0.16373732393467402 0.2628312294593823 0.35000952760986515 0.39557845447887546 0.4665384474947086 0.575714081631455 0.8426269568100061 1.103016653147615 1.6157192747868152 1.7269571096678227
122 4166 0.027118795513855844 1.71738242295957 0.024259121549292023 0.024259121549292023 0.1349635277259331 0.1631234641352411 0.25682516821163354 0.36401036216822646 0.39420552512368434 0.48250495165477075 0.5787098435462721 0.8511713008697475 1.0845935758387946 1.6387977905912505 1.71738242295957
123 4200 0.02751121108799146 1.7800339641051683 0.02173738863413838 0.02173738863413838 0.12764024891721476 0.16154419308212478 0.25867452630394183 0.357877142354345 0.3904143180664697 0.48768635109188396 0.611059672580618 0.8763033793578929 1.0676202606131096 1.63948567133439 1.7800339641051683
124 4234 0.02368566339043869 1.7728325964962064 0.019771393547525006 0.019771393547525006 0.11919151186984063 0.15424616948317077 0.24756648924319666 0.3598400863343623 0.40655316153381926 0.48906626647544277 0.6161937257851257 0.877457679744298 1.074025019987941 1.6719667823162745 1.7728325964962064
125 4268 0.021529032216180435 1.7454650360715374 0.018653593762118673 0.018653593762118673 0.11358353538893662 0.15500430397737872 0.24362230048813466 0.3543928438079336 0.40513816568556665 0.479031547500359 0.5947488221854644 0.8913965688509984 1.0254779449144804 1.6481834300672114 1.7454650360715374
126 4302 0.021177534892257325 1.7267607423101754 0.017386647906714153 0.017386647906714153 0.11309923380446855 0.1530954254734694 0.23929760600121572 0.3417770276724643 0.4024591138812507 0.47550891344417595 0.5690268449369036 0.9035363484781094 1.0161932925700006 1.6314254344471588 1.7267607423101754
127 4336 0.019686685184257726 1.6776717397739602 0.015843239729842903 0.015843239729842903 0.10997148210618489 0.15156712298297034 0.23665683846966784 0.34611475628631466 0.3992958723902006 0.45793858325807646 0.56697288449335 0.9083492557793825 1.0403698948220772 1.6364458538985336 1.6776717397739602
128 4370 0.02136400425169496 1.6737482481249253 0.014876048454559452 0.014876048454559452 0.10987843436253394 0.15294909772503687 0.23190567263285589 0.3368805434361069 0.3984317814890059 0.4485465676848055 0.5618365906261754 0.903431544145166 1.0113264028276698 1.580409471189884 1.6737482481249253
129 4404 0.024761594553659085 1.7439678115474557 0.014147702198559986 0.014147702198559986 0.10171793624841691 0.14837502804911706 0.2324687512947506 0.3330598218775769 0.3935704003555287 0.45373873187347225 0.564009785928947 0.8948442912486242 0.999103639913234 1.5865992666199582 1.7439678115474557
130 4438 0.031098933023881396 1.797533576017442 0.013651177977192718 0.013651177977192718 0.0949542833024985 0.14730545336250242 0.23196140508060545 0.32790279205797096 0.384885083010382 0.465160221069302 0.5874459768400713 0.9189957660086732 1.0247596226488365 1.60075908725636 1.797533576017442
131 4472 0.03546604121247112 1.8052375853755676 0.012558775273336962 0.012558775273336962 0.09382696192673702 0.14917349100928684 0.22653782001072248 0.3110712707278215 0.378331344983849 0.45153892581293503 0.5994562096643681 0.9456945317287826 1.0261480961625657 1.5724995216039548 1.8052375853755676
132 4506 0.03567466573098755 1.771374103339155 0.011315521320384356 0.011315521320384356 0.09259372716860972 0.14517682321341707 0.22248467211041464 0.30840004662492565 0.3804073456486798 0.44067117065110084 0.5782891320164348 0.9460152543797927 1.0051969763188657 1.5843982932421135 1.771374103339155
133 4540 0.0328167495655055 1.8288864797061308 0.010974929562062053 0.010974929562062053 0.08783490379342715 0.13959080198132717 0.217332109138506 0.29399273324434216 0.3752935670542477 0.4310148927319388 0.5790034632578618 0.9294940425759735 0.9820290148134159 1.5607807072088447 1.8288864797061308
134 4574 0.0291311994336323 1.834276993416378 0.010345837541999468 0.010345837541999468 0.08114823428164171 0.1404344810105798 0.2105558951576147 0.2860507835724616 0.36241111547151816 0.4303832231073025 0.5641881789497113 0.9231468805219301 0.9734788395394812 1.5678797167728997 1.834276993416378
135 4608 0.02731539565067492 1.8971405127130416 0.009838782193421576 0.009838782193421576 0.07930602846651007 0.13683909012917056 0.19987898567533616 0.2809654428346546 0.35159770015956354 0.4227903286240812 0.5497796659626393 0.9087947289112924 0.9556627079917426 1.536655473091413 1.8971405127130416
136 4642 0.02764935417126411 1.8566194997465695 0.009440040154163486 0.009440040154163486 0.07839754855365219 0.13710416382282564 0.19424673535942302 0.2919825635933941 0.33825802163907437 0.40667842951271954 0.5436357507563192 0.8809822824544468 0.9468909448890629 1.5385058998256467 1.8566194997465695
137 4676 0.029612133009948534 1.8975119988654503 0.008881889120723059 0.008881889120723059 0.07449455280742298 0.13667803671981077 0.192324723811247 0.28090669510989563 0.3276859951838013 0.39718597835845054 0.5313852273862586 0.8665314148112863 0.9729094062814644 1.5478620619938523 1.8975119988654503
138 4710 0.03262003573111092 1.9333512798578192 0.00835476962441497 0.00835476962441497 0.0702800168017572 0.13544963715802155 0.1885011959227868 0.27124157583951974 0.32288898771091445 0.38109931057908514 0.5203194392893584 0.8789506376572759 1.0116015717276488 1.5252383480161995 1.9333512798578192
139 4744 0.03663417397326605 2.0487318139802726 0.008344725187109511 0.008344725187109511 0.07133467129027879 0.13269161600838725 0.18200884564677589 0.2674504354528938 0.3112860263296276 0.3766763987197793 0.5094969792118641 0.8649766352726419 1.0520321038477831 1.5311654275610653 2.0487318139802726
140 4778 0.03386248629388295 2.1490276764501353 0.008122858511309079 0.008122858511309079 0.07026292701531156 0.130845326146363 0.178679001535847 0.2613931791020171 0.304106843064177 0.3674647302188322 0.4966208391443954 0.8567062593325447 1.0877276650618415 1.5084500517558999 2.1490276764501353
141 4812 0.03064970991940425 2.195967717321884 0.00756903736215254 0.00756903736215254 0.06788888139377823 0.12674110067078362 0.1765857947834654 0.2603320368880617 0.2979715814152534 0.3626976867669213 0.4778001279024344 0.8472036809154196 1.052568781713746 1.5156199317751606 2.195967717321884
142 4846 0.031742300966952255 2.2247261254571655 0.007327267542470352 0.007327267542470352 0.06450565647959935 0.12453267057280877 0.17614139477091537 0.2531723743324206 0.2910704116455236 0.35528619846998827 0.47395592152388694 0.8231231216381013 1.0335616945353607 1.5108933722608324 2.2247261254571655
143 4880 0.034344824591060225 2.2899311509070386 0.00682794214396835 0.00682794214396835 0.06373420156744716 0.12318671381094475 0.17329274209263737 0.2522783162126063 0.2902411139646324 0.36010968949932487 0.46552999222510155 0.8266589365568963 1.0107785712454767 1.4819386222034223 2.2899311509070386
144 4914 0.03493702612750327 2.386572556606805 0.006462383789932985 0.006462383789932985 0.06103076659562387 0.11914203380124876 0.16869545469345512 0.2512059790963991 0.2897943899346338 0.3623146414028572 0.4660056931192537 0.8207041882483701 1.0255517254561788 1.4689301394270529 2.386572556606805
145 4948 0.031625262401471 2.507638604859528 0.006069726360934661 0.006069726360934661 0.059026068351039414 0.11456543544890631 0.1650052056931864 0.2288671769163305 0.2890386293639916 0.36395850491811743 0.451965103702345 0.8127378182094601 0.9870311743613622 1.465957963458217 2.507638604859528
146 4982 0.03222671943952647 2.5197456237720774 0.0058043359756687115 0.0058043359756687115 0.058401616214623905 0.1145684704706078 0.1645371006262768 0.21802133505262886 0.29050688300146393 0.3519439551936549 0.44563032251139484 0.7910608306871828 0.9820383623224644 1.4935101750393016 2.5197456237720774
147 5016 0.03578997782286834 2.635842052103609 0.005512810790936777 0.005512810790936777 0.05666231240188547 0.11152006987613285 0.16709418777476134 0.21061273856664586 0.29193565667902394 0.34328383672283114 0.42909816941668855 0.7746758257701877 0.9762820368757866 1.458394193882783 2.635842052103609
