% # columns="iteration, evaluation, sigma, void, void,  stds==sigma*sigma_vec.scaling*sqrt(diag(C))", seed=705679, Wed Dec 24 14:38:29 2025, <python>{}</python>
1 17 0.28262349304536144 0 0 0.29352050917127276 0.27925514168183047 0.2807016746324458 0.284068235247662 0.2619423507357391 0.26082681703706123 0.2886493209857847 0.2898209907407942 0.2650597273817488 0.2846603003363967 0.28758570775137704 0.29604096087804066
1 52 0.27357885268998977 0 0 0.2764742281469797 0.2704024753955381 0.274299065863485 0.2705884444930574 0.2557834608876755 0.2641815773012601 0.2640389760951146 0.2552110798817329 0.31390862342150355 0.2665059008015784 0.26726984109199103 0.2651212800281638
2 86 0.2579136581570577 0 0 0.24875905696145365 0.26677084504389353 0.24925260031043753 0.25123619064769637 0.24157235730460083 0.23161215671182725 0.22837444448147506 0.224498129982526 0.3068982213413222 0.2397774724804994 0.242716810895766 0.24806779260777595
3 120 0.2908143018608749 0 0 0.2740525930281115 0.2894812812706012 0.27486751826437283 0.29342571907782394 0.2728134626883232 0.25750734315792295 0.26052776225726687 0.24296142877820354 0.33333333333333337 0.2623072676509005 0.2694491623712677 0.27049621014280817
4 154 0.2849811070950531 0 0 0.2595442412778828 0.27329806545577756 0.24167071434708384 0.26534425122746913 0.25812224448567006 0.2235040536258207 0.27726427791361036 0.22316865793201338 0.31944021685404544 0.2436924481999106 0.2530385371071391 0.27041712017893815
5 188 0.29934035531792197 0 0 0.25660067501288847 0.2692804486162174 0.24224641192321644 0.2661940668204949 0.27660909804317985 0.2235827541704144 0.277474520934535 0.2298521085844365 0.33333333333333326 0.24870288834651286 0.29620857886097246 0.29374504420243586
6 222 0.29519830587709633 0 0 0.24091139570440126 0.2629681620644895 0.2281830143461304 0.2568568543707339 0.28670251320630563 0.2058229869060681 0.2665939668882497 0.22005380246124562 0.3333333333333333 0.22700771300356562 0.2663655352481006 0.3262881944524844
7 256 0.3239616907847385 0 0 0.25242454441464784 0.2855923354373066 0.2531728828189776 0.2547783494292955 0.3123884633470576 0.2082822190306968 0.29095489482543335 0.2436282995763226 0.33333333333333326 0.22756983552656157 0.28952838046456525 0.33333333333333326
8 290 0.35406776155776726 0 0 0.28162237454132083 0.3027015883548292 0.261129500245645 0.27960313096522343 0.3333333333333333 0.2209244748567448 0.29419780376185256 0.26371326440090714 0.3333333333333333 0.2727077353775514 0.3333333333333333 0.3333333333333333
9 324 0.337630698288363 0 0 0.24960622432130344 0.2756538061202497 0.24734262335035007 0.25728491559956296 0.3178501936294408 0.2085705230368898 0.2723698438609468 0.25545549830075825 0.29220485288356635 0.254682366303291 0.310247370909296 0.32449305252760363
10 358 0.3194697197033109 0 0 0.24002917414828787 0.2512040851196494 0.217764343363323 0.2265443584640176 0.28512422003964705 0.1959489997818701 0.2550355671934131 0.2267748394653045 0.2626345403433519 0.23694004901097607 0.28693385924444065 0.2871151134142802
11 392 0.3076840451916717 0 0 0.2033668253118914 0.23553000064396457 0.22637001152661157 0.2039863078326779 0.2676143537586231 0.17792110012722895 0.23143892970579977 0.2185574697929781 0.25657651074590504 0.2179267396727678 0.23957940725389956 0.260513060012552
12 426 0.2934164484329669 0 0 0.18136725431164233 0.23875304786930707 0.21385224914509124 0.1836166182401879 0.24829392380202303 0.17913592481080118 0.22235297256368589 0.17924748858680903 0.2364595674588459 0.21480087085439797 0.24822008122023945 0.24749306734245008
13 460 0.2673338748002688 0 0 0.16873798562929532 0.2149106782433633 0.16949918933983582 0.18200740280538666 0.20482981726647953 0.16476477557934172 0.18924976289249118 0.15340089042521285 0.2143285388540221 0.17971240538585767 0.21172356835883255 0.21627540815527221
14 494 0.25591334366908214 0 0 0.14702600713692857 0.18409859638537154 0.15821848155792648 0.18149908063144793 0.20561655298279594 0.15735393126238237 0.1657846981318591 0.14575744293190485 0.18579675532990977 0.15610717608289162 0.20866474706303811 0.21738608742567156
15 528 0.246174836941761 0 0 0.13959951331804651 0.17609690228258457 0.14618791311146498 0.17701352069503407 0.18689770122798482 0.16279596194000398 0.15854062230625826 0.14406174525498575 0.1786820795440284 0.13455021930408567 0.19935423996171656 0.22223361067167335
16 562 0.2691506076087842 0 0 0.15134843522506225 0.18691608675759808 0.16281676165503545 0.2008419833872278 0.202672406990438 0.16342324905302022 0.1749961638402194 0.1762695446724094 0.19166707617201537 0.14762190562158142 0.23051473597848 0.2565320362845313
17 596 0.2719845890709805 0 0 0.1502178006450052 0.18726863673192584 0.15849978524656302 0.20325838858477738 0.19338715420870828 0.16074152177771692 0.1680509368021929 0.179781248130254 0.17483157401422744 0.1476790405390651 0.24027261416395124 0.2573573244002131
18 630 0.26774109549055325 0 0 0.1483171119306854 0.189933774026415 0.14059312869078278 0.1991477414481004 0.17885590461469256 0.15464013132693782 0.1484596714945685 0.15873303711765044 0.1558030652383795 0.1369053553094213 0.24691458037753347 0.26141432132633236
19 664 0.24215728037261702 0 0 0.1250405278280283 0.17117562197275482 0.11709387561954569 0.17074536100992804 0.15638710042415968 0.12635995921406426 0.12229078321958285 0.13581242884016825 0.14037524375295696 0.12448548893990334 0.23613954212822102 0.22568881324858095
20 698 0.2219066728168352 0 0 0.1194391469387624 0.1647068051690147 0.10684301703581124 0.15579079207067473 0.13832990786856875 0.1121924197482963 0.1091861958210331 0.12598162302192306 0.12975515029238735 0.10982024716402393 0.21533836471951706 0.20574297236616887
21 732 0.22188350264662576 0 0 0.1212593443202136 0.1589932384942394 0.112974152223269 0.1459381138967989 0.13115822996689105 0.10072942349199283 0.10588725819035776 0.13795340036997533 0.12805171594300135 0.10612046087034713 0.2151647695743984 0.1984799705402107
22 766 0.21201001064023753 0 0 0.11047473993728579 0.14021089355473593 0.11530328268015068 0.1451697768735354 0.1121004844215077 0.09544425571145812 0.11172757081048484 0.1351172435840704 0.1210868595380276 0.10164255695110617 0.20886227688757883 0.18556037460897576
23 800 0.20381027166312352 0 0 0.10555147888614909 0.13241518542261485 0.11763724210928102 0.13473053187904496 0.10669401196442077 0.0862665287472279 0.10026477314971631 0.13663839833184271 0.12265260007757708 0.09235879313127321 0.1919116663202989 0.1771106871932918
24 834 0.21206131937483036 0 0 0.11275089874795828 0.1332745607414972 0.12983574766341435 0.13923540002688875 0.11021975528189043 0.08874318141584048 0.09800391473938672 0.14495900446049356 0.13181867927330201 0.08433498958005184 0.19361242035585927 0.2029652293165414
25 868 0.18658103116186048 0 0 0.10003043909942709 0.11116434615407195 0.10966132850033897 0.11545936923671542 0.08905918820547962 0.07513086504853891 0.07849283212020211 0.12471564006601174 0.10919060532162031 0.06370115396328734 0.17398736661637676 0.1640922876406232
26 902 0.1786541168940772 0 0 0.09967113194060788 0.10568390209954559 0.09906850200326363 0.1037105269318248 0.07696514978509758 0.07731510325023622 0.07311551487509571 0.1163047852367304 0.10120031749793962 0.060854565599803984 0.17131064810829041 0.16418023923998507
27 936 0.18839310305533233 0 0 0.10479313604943674 0.11343273262427932 0.11242605042106196 0.12260846810235831 0.0781427225032242 0.08097203782490343 0.07431396463899005 0.11701511627392923 0.10474368964038565 0.06420001891547462 0.1591521125719706 0.18885155492809613
28 970 0.18506819148695053 0 0 0.09528783405660958 0.13035717571049893 0.09430950123233606 0.12999720319274097 0.06591225091715565 0.07499165537014858 0.06975461658861597 0.11704800597711301 0.10955723326663365 0.0636222417814416 0.14556332012214884 0.1734701279989638
29 1004 0.17941501149796182 0 0 0.08759264301244801 0.1258090662313079 0.09189267716193726 0.1331608014968898 0.060007425004836856 0.06440397045386652 0.0590801912227197 0.11398774793591888 0.10043099894139304 0.06279377890059183 0.1384048450188131 0.15985407394425072
30 1038 0.17052269822358215 0 0 0.08299897313595982 0.10955922106287093 0.09036077665774139 0.12785189686488413 0.05237804717964409 0.062023273166021395 0.04949417555977363 0.11071078001645222 0.0959122356304025 0.05409533929115601 0.10230784527115006 0.13742480599785384
31 1072 0.1691232984564744 0 0 0.0750885488135308 0.11038161597065968 0.08401155950402368 0.11855258362922222 0.04516652944126608 0.06119301230561305 0.046514561697583445 0.11025576089656623 0.08958539438891085 0.04875338831302133 0.0979554090953729 0.1330116695904404
32 1106 0.1638652795843653 0 0 0.0667576393201068 0.11251265857508091 0.07789368071504514 0.11554547201223128 0.03675955398138196 0.05723432081364989 0.04429649090122917 0.1101740025580697 0.0757959407605898 0.044658933297856473 0.0875903438435607 0.12391286373707029
33 1140 0.17046291784835857 0 0 0.06472566291831389 0.11882204937932002 0.08471752796480449 0.11804615701464088 0.038216668459740755 0.07543665342688906 0.04432710239410641 0.10764535996111385 0.07846736924565245 0.04454914651218164 0.08005393340224247 0.125635018811934
34 1174 0.17367776849843042 0 0 0.060073842902472765 0.12953232103422396 0.08523043352941624 0.12278475910785278 0.034574012204473516 0.08904571261263189 0.044310398172380056 0.09949476832752237 0.07070688324819868 0.04350697661678278 0.07448799099869245 0.11087932092597087
35 1208 0.19631611607645913 0 0 0.06874630715205422 0.13477382754512354 0.09547357280608884 0.14607589123268883 0.03488641337644701 0.1375741757781454 0.046928011392315096 0.10854323112694932 0.07716366176136129 0.04972627458999737 0.07592415093393645 0.11467325122519269
36 1242 0.20846825494282023 0 0 0.06864728139226091 0.14119478305418864 0.10291376783132698 0.15314982837261518 0.032080398738041735 0.16844024081458608 0.05027091858869805 0.10988943069758293 0.07305763374567487 0.051592120396304675 0.0736554563243898 0.11816916130391071
37 1276 0.2018720516758949 0 0 0.06415991939778141 0.13322702601951034 0.10453400607175477 0.14049350358095453 0.02795962128552234 0.1635486189389333 0.05116040202033159 0.10462708869349735 0.06634589366376703 0.04366746481928681 0.06994043859302818 0.09979074666380396
38 1310 0.1919003542257453 0 0 0.05737786856436974 0.12957242612734732 0.10033802408823043 0.1323157237970537 0.02605249241958733 0.15672733496959035 0.049814969791743074 0.1020070145335295 0.05511274241706262 0.03854800738006561 0.06538234583430808 0.09539541981050878
39 1344 0.17608510854416815 0 0 0.0517745696850264 0.1117606758865904 0.08909158407174592 0.12376650667652153 0.023024820868159036 0.13142225443864114 0.04795979790470031 0.09466675950654796 0.047543286817631245 0.03473928967028856 0.058151200331032465 0.08716642848701568
40 1378 0.16067843132974255 0 0 0.044441822680969245 0.093026630402045 0.08643856686772589 0.1117059452912228 0.02004841604170607 0.11019534098040226 0.04326732672655235 0.0853422521345617 0.03976713605552323 0.032782029199837574 0.04703793701546244 0.07652691685357836
41 1412 0.1444535696925928 0 0 0.0404298686788139 0.07909186384941852 0.07770075446020676 0.10510152970956323 0.018482998693377606 0.08721608030862836 0.03919546738021535 0.0719469700394462 0.03416158290482378 0.02894097868570799 0.04222663721903817 0.06333821984837683
42 1446 0.14083315003824687 0 0 0.038352068036186814 0.07981035653442774 0.07182020911793079 0.10142490911742359 0.019985695536360724 0.07396779192591443 0.03728467864602432 0.07525821670810638 0.031353448028752534 0.02744442742261079 0.03772898180880241 0.05959771222982233
43 1480 0.14043195779017342 0 0 0.03664863300326789 0.07885931795059407 0.07366493751428184 0.10471714610672551 0.016854039635779132 0.07056101500424375 0.03143992638033646 0.07344175831089672 0.029449071304244956 0.026029804231137606 0.03577323726012266 0.056100944901719615
44 1514 0.132101798611892 0 0 0.03474371177598093 0.0724955771664809 0.06999515864745083 0.09689941084617375 0.015012832459598465 0.06404036788823447 0.028151015849061208 0.06439691450063745 0.025052579485121258 0.02336675540684309 0.03323693898366392 0.04621959846229786
45 1548 0.12898821401448046 0 0 0.0329060433641149 0.07547368873974851 0.06422287664049546 0.09326278746407107 0.014374009711198345 0.05634645711093953 0.02643984220085934 0.060343761267763696 0.021839101058073327 0.025036284452663846 0.030817675919973704 0.043407293731274735
46 1582 0.12793403458264885 0 0 0.032993627171619896 0.07389410929466082 0.05809149498836376 0.089124551541551 0.013586168097086768 0.04938149511922811 0.025878712734323045 0.056133142494063544 0.021048586610300724 0.023355433245018993 0.02807024217564344 0.0417559119683422
47 1616 0.12959118867017563 0 0 0.03392899677341937 0.07745024708238829 0.058407831909945584 0.08466830827975737 0.01384562575182645 0.043702827465200454 0.02569069380065761 0.052250232397111004 0.02398468600529252 0.023432333660790713 0.028486419443363588 0.04177090424798823
48 1650 0.1507929006229044 0 0 0.04144157664373867 0.0858207584656472 0.0755621916766388 0.08257094573601094 0.01678744283231871 0.04450209973702334 0.02807755173112616 0.05285903959041539 0.03379775869060694 0.029217461376115555 0.03464263360493824 0.047694941242047005
49 1684 0.1514042717006617 0 0 0.04041114374478297 0.08465465280534099 0.07089114844126933 0.07821621682176935 0.01707455721624456 0.03681837777391361 0.028503738091351732 0.04818743051690442 0.032565679394054935 0.030547903240549925 0.035821303674259244 0.04837991925760487
50 1718 0.139656419052195 0 0 0.03466909645053281 0.07431780323294634 0.06477055873770445 0.07070073546911139 0.014103221610500236 0.02855188809117737 0.028670350909057275 0.04153891495402014 0.028163099659916604 0.02782154496595574 0.03247239349526146 0.04048561453200995
51 1752 0.13435345637228047 0 0 0.03299622173727361 0.07214845675044781 0.06311571533036635 0.06459664940613359 0.013544551067341325 0.026738909511765954 0.028871082689789645 0.03764523371647057 0.026159573941095807 0.0279853108531651 0.03109337050280999 0.03829704893402963
52 1786 0.13436528984430957 0 0 0.03327458477365164 0.07130106519262375 0.061548361266213374 0.06622775997295721 0.013512517230169252 0.02534172435314535 0.030059207259253942 0.03674910554816659 0.02518751503047959 0.027483457369782256 0.031230961450223662 0.03843286375344443
53 1820 0.1494417794843289 0 0 0.03711777577635568 0.08709272030457282 0.06677653961050266 0.07300052493247738 0.01536979548717624 0.027395367072996467 0.03436491042534929 0.04080940989671514 0.027176147848322774 0.030744545871398254 0.03402450068022166 0.04207310648098786
54 1854 0.14964972764463277 0 0 0.03779562405616483 0.08834296073986997 0.06704771188934466 0.07131281197786625 0.015074580014177143 0.027388470993351652 0.03230499961874327 0.039863103939974144 0.02667205918648746 0.029462337666698663 0.03347122233771421 0.04282608247862323
55 1888 0.14600132866291993 0 0 0.037658347538689366 0.08534013097312745 0.06678554240737933 0.0678737868524398 0.014422472068012716 0.02645439114500723 0.031167351951991926 0.03907093231011068 0.02616855047052598 0.027126887083446592 0.03254548020830424 0.042506602314811244
56 1922 0.12382349844536025 0 0 0.031014718121541798 0.07072509773395297 0.05680624274699051 0.0574578616826736 0.012144037430402016 0.021993610222086714 0.024581747410878 0.03240457575011794 0.02145431599576137 0.021748657171752055 0.027893695452394836 0.03603667354107404
57 1956 0.11384748017943037 0 0 0.02825856057086143 0.06423972263003448 0.0525411465481792 0.050976744957168106 0.011171623528539601 0.020222685160211896 0.02225914262009401 0.028962556990845392 0.01888933268649243 0.019364206380477457 0.025283423761729512 0.03308172524308457
58 1990 0.11916011222229862 0 0 0.031104387971299167 0.06594960233520718 0.05467949468081033 0.05488927106790294 0.011261161546069426 0.02099592116319334 0.022027854744281268 0.029864475255045344 0.019458615053037944 0.020516608702259544 0.026756928482799234 0.03424731842466334
59 2024 0.11518694141590702 0 0 0.029929159807706437 0.06461746048288143 0.05366915393636563 0.05193077667221687 0.010574207191107562 0.02009627939891641 0.021080203344721885 0.028558385859882483 0.0182490868456419 0.01952076960293746 0.02522879757788577 0.03263123443898276
60 2058 0.10619274926578949 0 0 0.02729088872153733 0.05950044343745687 0.04880505330392939 0.048089108715167334 0.00976212592438602 0.018356307226092033 0.017287101117474377 0.026151978822161713 0.01662046860772186 0.01760491108553174 0.02364937006991085 0.03016464700861735
61 2092 0.10745471849293947 0 0 0.027181056496279526 0.0593328858845272 0.049777844772970564 0.04758439534421372 0.010153440724175435 0.018059853947288148 0.01723620595197201 0.026698065682563676 0.016898799074260208 0.017227815377154142 0.02364556741836265 0.030076620517020213
62 2126 0.10652689562956402 0 0 0.02614211069409748 0.05818552785145152 0.05118596142686045 0.04786330134157512 0.009843594616438795 0.017575190552782536 0.016274293463487532 0.02698282222685258 0.01660356186678262 0.016775543156687917 0.023974546497200627 0.02903127635861627
63 2160 0.10319838611785534 0 0 0.025146758891315384 0.05604161625651607 0.05010896081847423 0.04633777928352284 0.009334318178481443 0.01648160057111513 0.015114803228846369 0.027482822956074387 0.015661451947551 0.015696778896031348 0.024943526234264896 0.02835690381260072
64 2194 0.09604647953513955 0 0 0.023554355422710335 0.051853797637013574 0.045955726287523174 0.04221045831904091 0.0082467963468827 0.014663280837008337 0.013593726186662538 0.02660181983944221 0.014158706230621307 0.01473590157024501 0.02351713345468469 0.02652670860674741
65 2228 0.09576076981452628 0 0 0.02389450679077419 0.05085008974910595 0.04563205472534388 0.04263139646318526 0.007955071477636449 0.014308113893407186 0.012859639826074062 0.026660614181146954 0.01375156848488193 0.014190471177158442 0.02477870444052182 0.02545058509870405
66 2262 0.09296582680415894 0 0 0.022643614398586153 0.04922927834740153 0.0471288777810968 0.04110213175297696 0.007681237314464595 0.013751733915292453 0.012311487364374195 0.025770693948992743 0.013151308123412525 0.013363887380696786 0.024249569161532307 0.024498609349960124
67 2296 0.10063263406252443 0 0 0.024639946579486736 0.055053686079805736 0.055788021015397884 0.04404619571377407 0.008301095881363808 0.014581298200942124 0.012591596655810566 0.028374277957288762 0.014702835462976925 0.013627416869713822 0.026533965837130944 0.026407666397385284
68 2330 0.09525942978116678 0 0 0.02250493837601925 0.054438678311334206 0.053386030768123684 0.04237655589974111 0.007680840541615451 0.013249996252056124 0.011373750335480451 0.026260184228516968 0.013918568937547149 0.012553464110905296 0.024078963039063893 0.024549537244945577
69 2364 0.08441964582551209 0 0 0.01961750182251019 0.04793920351040305 0.04695017164341196 0.03759943699496774 0.006674403575606877 0.011290325617077764 0.009378647303084827 0.022890353555134274 0.011819020717728121 0.010511146651373577 0.021197320799831387 0.022016805783037063
70 2398 0.08010655337418304 0 0 0.018964404476942965 0.04344872438681532 0.04596525315864396 0.03477316429332049 0.006187722231265461 0.01041932530433296 0.008511646320529996 0.02174782488896665 0.011256717199564364 0.009716602129884138 0.02031747044575158 0.020273265310739547
71 2432 0.07970568211046322 0 0 0.018148281797438864 0.04685622525039362 0.04630905031866785 0.03566114000292457 0.006153375583159005 0.009945909956840287 0.008225574699327736 0.021964434856547744 0.011035325670130753 0.009003488819748945 0.020324076008797154 0.02013574997378442
72 2466 0.08198982294010178 0 0 0.01847643688958922 0.04776674227013703 0.047510821464208895 0.03554469746937504 0.0061744040811414274 0.010598447514862434 0.007942416434893086 0.022730218379052692 0.011691268535438282 0.009245426768760952 0.021530558728148897 0.020696041724864077
73 2500 0.08981610755342033 0 0 0.02041199610931686 0.05367174333480131 0.050556395592092934 0.04007727849596782 0.006622902741879526 0.011655117036597263 0.008436557965242007 0.024281741257336217 0.012658410133143633 0.009762853642553873 0.023279579877915617 0.022943268247664562
74 2534 0.09579264218844834 0 0 0.02169062801850847 0.05780216802208515 0.053406369529113394 0.04231742926458163 0.006912822599589596 0.01187035715789646 0.008434006129854689 0.026232182596090822 0.013630272355594523 0.010350282080848367 0.025820115016619124 0.02395541695672711
75 2568 0.08643142292342579 0 0 0.019431703299597113 0.05262091143169293 0.04877608543029188 0.03849487158392654 0.00612317342268497 0.010475611662230424 0.007472294497610191 0.023017272239344935 0.012215084748571532 0.009180450253927698 0.022711458114976605 0.021602984924827175
76 2602 0.093002441762329 0 0 0.021274821748938636 0.061135277346381675 0.053245850439957866 0.042620997798889004 0.006466034076978665 0.010910654340985166 0.0077707741850675536 0.025887154065879638 0.012536715528375765 0.00979648113260365 0.02424862564554339 0.023203642063372047
77 2636 0.0904342508364441 0 0 0.020248372975660914 0.05958782763773283 0.05340270185308152 0.041480594389317046 0.00619384953104522 0.010296734661790439 0.0071398063185769975 0.02493620018664246 0.011997238082998664 0.009200315647877303 0.023692471948249676 0.021969982009743348
78 2670 0.08763481815260114 0 0 0.01884789041484696 0.05828101929886856 0.05231032576142077 0.04023259786940149 0.005766308827009304 0.00985050483243226 0.006568737196573522 0.02425109718539544 0.011618981439955172 0.008675131788036226 0.022413535607075114 0.021557602726746287
79 2704 0.08273575120710175 0 0 0.01828844007405454 0.05524000504230792 0.04983822957183667 0.03826156953734476 0.00550580201964893 0.009128988357189534 0.005922940000836445 0.022270937301379596 0.01144750621470639 0.00790228451101333 0.02049717343126949 0.02104678905863463
80 2738 0.08496668551952433 0 0 0.01965301969138898 0.06127940244013612 0.0523515409812588 0.04080092120076481 0.005669228831068951 0.009002105095182462 0.005826785706217018 0.023321980630045255 0.011447406097823316 0.007729355881553913 0.021311744637199745 0.022509014684352877
81 2772 0.0791899257696382 0 0 0.0183478367459825 0.05765878443477839 0.048241787010943504 0.036081098914073864 0.005427241072733033 0.00785650691649231 0.005314355252711385 0.021484386453009496 0.010615959463445901 0.007061031281083851 0.020102935702488122 0.020551020574392842
82 2806 0.07822420384165897 0 0 0.018195373452363686 0.057717456690178054 0.047624124096807954 0.0362380857697795 0.005263307284605645 0.007307223859369054 0.005031887584606247 0.02119083993476126 0.010115181771868457 0.006907762059312584 0.019952796880163062 0.019744724319070425
83 2840 0.07674656786614958 0 0 0.017680668205225816 0.05685887709044779 0.04680231568276412 0.035090072784145686 0.005150971009281802 0.006836445185218561 0.004905130118459205 0.020587639597879227 0.009670258955059683 0.006860950695834691 0.02011844107944374 0.020041688787486037
84 2874 0.0740539921415012 0 0 0.016571231463233034 0.05377546303760821 0.044140969708325636 0.03267572682117714 0.004991659418554027 0.006355763644173955 0.0045646312353605995 0.021129818120970346 0.009220418670738932 0.006663468336610373 0.019370780264897306 0.018928805362439967
85 2908 0.0792312916123763 0 0 0.01710668166620694 0.05965875857994003 0.047753060272565095 0.03545023831849235 0.005093835453284873 0.006522308416779223 0.004766927137781649 0.02395338477144662 0.0096611671263335 0.007331611148610871 0.020950919172250657 0.020042329368562758
86 2942 0.0737227601542433 0 0 0.015552929122708344 0.05689384989690116 0.04402832296294829 0.031126663213074852 0.004660568378387969 0.005782534514257696 0.004339130662557975 0.022445181093087838 0.008940158875893887 0.006775856609279367 0.020024465012092058 0.018710067898431392
87 2976 0.07183985373952954 0 0 0.015486774061190717 0.05406612181026483 0.043573325572507676 0.030104819816464554 0.004443020143944837 0.005491526024009962 0.0038605312883653047 0.021463057585700034 0.008550675085338674 0.006432517452064826 0.018996628967020125 0.018239412462839905
88 3010 0.0652147456480217 0 0 0.013928513796118008 0.04851382680306686 0.03896340722788049 0.026605477005815382 0.003915141648340773 0.004562026794687578 0.003492828801519768 0.019204753356811356 0.007601034525531072 0.005830385770865691 0.016966326580745733 0.01656053352908284
89 3044 0.05791754141135642 0 0 0.011967058380510879 0.04211789057338622 0.03394992901838081 0.02283595896233546 0.0033566286292691055 0.003826884411662849 0.0030209252678806194 0.017347122171550506 0.006908257659580418 0.005157061835281578 0.015085512960910393 0.014689832221340984
90 3078 0.05380445100578926 0 0 0.01070564205383969 0.03981079764947764 0.032149151889416826 0.020823210191221443 0.0029755891436269452 0.0032151230034719574 0.0028163632350032674 0.01659158613469922 0.0063489723569799044 0.00478656579245174 0.014186180352842439 0.013838128621545565
91 3112 0.05353884285159887 0 0 0.010600353119870072 0.039280832023195475 0.03148655058498654 0.019960913434992667 0.002900450937842303 0.002910791962651523 0.002739144770262227 0.017058596311127085 0.006476222429942969 0.004656774324281734 0.01456003308199829 0.013543195107836548
92 3146 0.05142024281966406 0 0 0.009802389180844043 0.0367060385228118 0.030083075487291427 0.01873984529290757 0.002831404236387147 0.0026127753637885665 0.002636663150634636 0.016321425138744523 0.006224482479142772 0.0043006007377478055 0.014034541524576184 0.012718513136461034
93 3180 0.05282470155261161 0 0 0.009630415714528289 0.03827250279481643 0.03158194415496458 0.018764688418308525 0.002870051943092697 0.0025579550791171367 0.0027805655459318917 0.01661744536495555 0.0064600865092669215 0.0042795057966983205 0.014770239892117419 0.013212577465056477
94 3214 0.053091831345232474 0 0 0.009892497324108906 0.03764354145148161 0.03107013875193787 0.01849922717743878 0.002903387768644598 0.00242248179398056 0.0028144849318919515 0.01721237897989426 0.006179191803171187 0.004173796384147727 0.015734548471010492 0.013117388850050008
95 3248 0.05506191942604735 0 0 0.01021113308342142 0.03906910415115374 0.031919856295334344 0.01952021047439821 0.0029254751410831654 0.0023462563627051286 0.002923622341546811 0.017231907287363388 0.0064391745365842395 0.004268114334592176 0.0161956721021165 0.013793974543875919
96 3282 0.05376650869437442 0 0 0.009588346363559925 0.03999999423275841 0.03194233849588299 0.017764260343422423 0.002807806804577756 0.002267762726253679 0.002746424664287859 0.016574339982661387 0.006397739561408101 0.004310467518655113 0.01588216402483085 0.013362754177081744
97 3316 0.05202956730251396 0 0 0.009130305866873396 0.03912689490633134 0.03175561556876749 0.016602508239700615 0.0026627203726125085 0.0021236138967432876 0.002683674569936168 0.01597824870754983 0.006307230346111391 0.004203226225501914 0.015399707401616919 0.013049154046499074
98 3350 0.045161334419307975 0 0 0.007886219424881127 0.03421896639117169 0.026736296595714987 0.013767578449041954 0.0022457707460971058 0.0017702316151282608 0.0022531090646258885 0.013665790027547527 0.00555412705249152 0.003565418629159486 0.012965005207711006 0.01113118914049755
99 3384 0.043341847442169436 0 0 0.0075541982547454615 0.03231912998671664 0.025413652718493402 0.012980782385106023 0.0020733877477363363 0.0015973295463516492 0.0021685555710137007 0.013315438632503614 0.005329931642560049 0.003437543182073695 0.01261752991291722 0.01110486356311389
100 3418 0.039383985961841624 0 0 0.0067460448749753895 0.030310515249426323 0.02313674267377729 0.011236773429355473 0.001820929272756802 0.001394130729842783 0.0019582372084227502 0.011797370178929302 0.004932326070991122 0.003151922971605583 0.011353571988675237 0.00991265632783265
101 3452 0.03685978627555206 0 0 0.006356042809032107 0.02849075177230494 0.022153626911446133 0.010573670075770848 0.001671527998527691 0.0012131197614196087 0.001814646577176566 0.010790727345750211 0.004667750574556119 0.0029307880965297184 0.010466547277706998 0.009224121678534543
102 3486 0.03522099308572545 0 0 0.005969715950243708 0.027726061867459666 0.021997325189338137 0.009928587564284897 0.0016296782712868162 0.0010968524039621967 0.001733495429191673 0.010195503160925783 0.004630667729836763 0.002812097981343299 0.010058299895592933 0.008809916834622655
103 3520 0.033734637238089685 0 0 0.005584955107868263 0.02618528406858482 0.020789520560327554 0.009411151586027329 0.0015535337336205352 0.0009646173882477447 0.001715926832175643 0.00987025957208527 0.004564460243415942 0.002673427216474213 0.009634101317117033 0.008356876896375555
104 3554 0.033897951205269464 0 0 0.00564098257610391 0.02673987647263407 0.02057337431660142 0.009279820195768384 0.0015781444955226733 0.0009107071641388883 0.001687197467998765 0.009858662104163913 0.004781050733160357 0.0026651086335603073 0.009692201384557272 0.008566109163417142
105 3588 0.032544447317917675 0 0 0.0052332912552632204 0.025486463412763907 0.019868257021759112 0.00881593993735173 0.0014982347008733524 0.0008144658869844983 0.0016022292383163054 0.008958218154302542 0.0046118706749115074 0.002477534799701556 0.00897417137616735 0.00811334466993276
106 3622 0.03178234292337161 0 0 0.004999317679969865 0.02428699862466789 0.019653815271803824 0.008462333963148773 0.0014361847882054513 0.0007751953262928149 0.00158105568901733 0.009002884715373397 0.0045603399887673346 0.0024091219062352285 0.009018078596094341 0.007874942710598914
107 3656 0.03086611509861448 0 0 0.004911831744246877 0.02309946124049461 0.018590102079287536 0.008064813245109628 0.0013649757445526461 0.0007270531375575638 0.001525053534357661 0.008985659741362883 0.004388549996679006 0.0023041078570090624 0.00906673143755806 0.007656758067484136
108 3690 0.030434319168835856 0 0 0.004861391223431265 0.022779543254222087 0.018187737091738213 0.007887391097744686 0.0013126988525616768 0.0006514770799494721 0.0014870893492091811 0.00869898182097672 0.00437255511348614 0.0022176720989074976 0.008800042850819702 0.007750615424230244
109 3724 0.029880896106925528 0 0 0.004710066920846389 0.021946971429236774 0.01819332724572776 0.007600525799488503 0.001300669109424513 0.000603116786969542 0.0014264156130705734 0.008568221692548296 0.004336614254712828 0.0021297067046222593 0.008602596681112835 0.007698904338685692
110 3758 0.02664847052531573 0 0 0.0041384948918268116 0.019004140958119697 0.01612798267237332 0.006560009629905894 0.001140474650456466 0.0005150629190283883 0.001253834012755451 0.007578581680293699 0.003794333428342589 0.0018214755776366602 0.007551509821687984 0.006868298714947225
111 3792 0.024482308597005255 0 0 0.0037990299999822964 0.017712531823336937 0.014786234762644774 0.005920815835332619 0.0010288527093324008 0.00044896655457233323 0.0011364270718747886 0.007111529058872301 0.0034352025272218188 0.0016274006980014732 0.007285102665286403 0.0062347620827433526
112 3826 0.025358061379551218 0 0 0.004069731040269764 0.018106358260693102 0.014819317699268779 0.006057436259674127 0.0010769640624264483 0.0004117648872087111 0.0011619163928670436 0.0074674253966559275 0.003484865654742918 0.0016176505347334502 0.007702112732154973 0.006402018449432711
113 3860 0.023477360475931984 0 0 0.0037339579638579704 0.016526295448095862 0.013500572963627578 0.005595506482575862 0.0009690602140397487 0.0003683218390737359 0.0010623589332383915 0.007151766328238065 0.0032337349083304463 0.00145744478268208 0.0073717873814458535 0.005894956301707775
114 3894 0.021910647257143732 0 0 0.003439002564318706 0.015613089209133986 0.012594228970390533 0.005000618560530787 0.0008753144367955529 0.00033176134375713736 0.0009596608788037911 0.006424376482951275 0.003051138057294887 0.001341856577963544 0.006726501113901165 0.005589789937385527
115 3928 0.021366285187863245 0 0 0.0033305999652707 0.015220858856907151 0.012801239331863284 0.004731874567673799 0.0008306873050955908 0.00030806820727994255 0.0009125924819622921 0.006259973778864459 0.003017969301067925 0.001288799477679365 0.006506291442887268 0.005641935716730364
116 3962 0.019266450358695782 0 0 0.0029818020773188254 0.013617700487196256 0.011736516744195472 0.00407114850985241 0.0007457231203985168 0.0002587021310230984 0.0008822486215915229 0.005616174994716825 0.0027621975307034054 0.0011795547175569735 0.005896730843562083 0.005168334855309805
117 3996 0.01910884895407573 0 0 0.002973375562555952 0.014037677937850098 0.011886791471301969 0.0041395278748867495 0.0007100967429238142 0.000249178481917357 0.0008688153772098936 0.005537277117699569 0.0027538454966477303 0.0011962010770067025 0.005730312835630193 0.005082167034281237
118 4030 0.01931756987177412 0 0 0.002925915134654269 0.014023363550571755 0.012424148898389711 0.00401711731017284 0.0006750466837199844 0.00023835223696412955 0.00086915836669852 0.005617645218780987 0.00273792250777077 0.0012072303845829316 0.005990511564413532 0.005131193570786158
119 4064 0.021169049072526744 0 0 0.003144153592811695 0.015300272983626871 0.013610649958471601 0.004309475168384015 0.0006981926221593735 0.0002445610219107716 0.0009397039366740558 0.00618958833079934 0.002996144060163731 0.0013972193389908977 0.006555660338990453 0.005720732053589917
120 4098 0.02281543717703303 0 0 0.0032311553802488657 0.016411216292989278 0.014524087934943322 0.004567130363212152 0.0007461067222312085 0.00025659188482126164 0.0009900612767282863 0.006561777999993211 0.0031516442349921697 0.0015414214777784664 0.007047013586804975 0.006045943060393501
121 4132 0.02520904222996561 0 0 0.0035077120030301725 0.018002236638871818 0.015855912081910985 0.00511716062079981 0.0008187004269663937 0.00027373817570972947 0.0010794273316779332 0.007405738120730067 0.003398871536108461 0.0018096255466548334 0.007986497477262947 0.0066548358200123475
122 4166 0.027118795513855844 0 0 0.0038444316817465842 0.019139221259548006 0.01740771454924541 0.005538185171191015 0.000907545009677783 0.000287322101205762 0.0011474603499128163 0.008241084224374043 0.0036864890813913705 0.0019267555819605705 0.00885628213913144 0.007244509097827543
123 4200 0.02751121108799146 0 0 0.003935337100034429 0.01979650434863713 0.01728290399088497 0.005532825214591364 0.0009000150393305032 0.00027787347235444656 0.0011178245285386546 0.0082762037869793 0.0038595065046401907 0.002047808923747848 0.009184768658629376 0.0074277354118907155
124 4234 0.02368566339043869 0 0 0.0033118409276274284 0.017049604478376848 0.014412363344961697 0.004642120564530965 0.0007530399668886004 0.00023576316775496544 0.0009652956433326294 0.0070131460710240135 0.0032062752780412413 0.0017640980400187147 0.00779795899677663 0.00626895393938931
125 4268 0.021529032216180435 0 0 0.002885582451722182 0.01516410707171494 0.01336089088722843 0.0041820545496154 0.000687684752113827 0.00021050020779361523 0.00091149829980726 0.0063392202013110854 0.0028668890727434723 0.0015252629660195307 0.006968096992085186 0.0056117084230878755
126 4302 0.021177534892257325 0 0 0.002832062027515703 0.014758614490301053 0.012946690495188946 0.0040771816410424926 0.000662778033562888 0.00019964312563686842 0.0008877285441128414 0.006190873532270015 0.002729660510747001 0.0015219255945168135 0.006910433331353725 0.005492257542479005
127 4336 0.019686685184257726 0 0 0.0025821504385992126 0.013791539084529255 0.011516097234730025 0.003552285270356678 0.0005992240229423681 0.00016964447623936404 0.0008375245191594539 0.005660860848472153 0.0024991482454570497 0.0014489278126271084 0.006325952967298757 0.005020002686871165
128 4370 0.02136400425169496 0 0 0.002809832138937794 0.01539560298198977 0.012639505861922529 0.0037023791053937475 0.0006479658519036339 0.00018098264541504828 0.0009278463106121152 0.006256449458236991 0.0027670411606661744 0.0015719820279375002 0.006979746357717447 0.00534856536255439
129 4404 0.024761594553659085 0 0 0.0033238274690777906 0.0181206973409918 0.014539667833673203 0.004098996857126345 0.000751299588228143 0.00019769787362854542 0.0010613023516007987 0.007851082447065097 0.003246664972229566 0.0018778148727286344 0.008266578395452424 0.006403306230290747
130 4438 0.031098933023881396 0 0 0.00414085039839227 0.02266547636399105 0.017982635612194316 0.005031909775050559 0.0009101155775704404 0.0002412216297250642 0.001355623415044548 0.009917934586700632 0.003984001648078378 0.0024394593229214545 0.010408653145584815 0.008232204016287015
131 4472 0.03546604121247112 0 0 0.004564623915991244 0.025753622977045514 0.02005814746395073 0.005570161299331708 0.0010342482962667893 0.00025345563192495424 0.0015243957383007556 0.011287403735971221 0.004570087841288526 0.002825636367308811 0.011631288472286665 0.009512520670820208
132 4506 0.03567466573098755 0 0 0.004475083489395736 0.025087217193832428 0.019737084332423417 0.005360029157249438 0.0009797115004906716 0.0002468723756602075 0.0015447222143524688 0.011614436763028178 0.004508344409492011 0.002850577596122201 0.012310702929391073 0.009508970131754224
133 4540 0.0328167495655055 0 0 0.004022819217239081 0.023089390953727407 0.01832759650748443 0.004893952071179006 0.0008723819512825175 0.0002128669751192018 0.001433355723526941 0.01070044694448879 0.003980287737376518 0.0026308032622701133 0.011338970367302009 0.008677855021105059
134 4574 0.0291311994336323 0 0 0.003500434174720349 0.020834591348227467 0.016057517125196343 0.004270742733226527 0.0007482702020484843 0.0001769982328021188 0.0012482844048887424 0.009838039851278253 0.003359215453394065 0.002281412711988278 0.010116238508328995 0.0075574846083504
135 4608 0.02731539565067492 0 0 0.0031917523950755083 0.01914100514104839 0.014526628350423456 0.00384487523238379 0.0006719399127677342 0.0001599563761623648 0.0011940496194263904 0.00907001222000572 0.0031840398074762465 0.002192679186032 0.009490110116483298 0.00700019665977256
136 4642 0.02764935417126411 0 0 0.003118646079475007 0.019512407904228965 0.014707953469956573 0.003812679564032873 0.0006617857916123061 0.00015558930807025846 0.00124045371556145 0.009324012899524172 0.003265266367657954 0.002252027328268048 0.009696994446320016 0.007395941634346671
137 4676 0.029612133009948534 0 0 0.0032660751842355394 0.020413040887520197 0.015545597555279957 0.003992493763126141 0.0006836144470276211 0.00015670335552324204 0.001363432598351092 0.010179855987502845 0.0036676902121696993 0.002410094094694025 0.010558074203434008 0.008369216346913944
138 4710 0.03262003573111092 0 0 0.003581837029636348 0.02284985015678696 0.017027282000709153 0.004255060923246394 0.000712808827595916 0.00016829136673670117 0.001459472462920639 0.011831004437479621 0.004252262604502644 0.002732520451057454 0.011950060345224944 0.009927319337826267
139 4744 0.03663417397326605 0 0 0.003936395210834271 0.02519256867555456 0.019096988851938442 0.004768658053535726 0.0007914669085085257 0.0001862193443394077 0.0016467239874698638 0.01362070412161432 0.005083652463276526 0.0031037450147944055 0.013760551978430326 0.012106759432251556
140 4778 0.03386248629388295 0 0 0.0034469084332299357 0.023380168950209 0.01774007623998334 0.004224452281288539 0.0007033934206250017 0.0001649529596988368 0.0014948580179658226 0.01289920942267746 0.004769795257430902 0.0028308607693848216 0.012710854349426592 0.011302204643946547
141 4812 0.03064970991940425 0 0 0.0029923697029940084 0.020513815099566127 0.016086568390705866 0.0037069360241557803 0.0006319561632484703 0.0001474541247688418 0.0014022821041618004 0.011854845983181943 0.004336949259077797 0.0025185979097163917 0.011625683309719394 0.010313935713808321
142 4846 0.031742300966952255 0 0 0.0030407140851202797 0.020989519085660727 0.016244938649680876 0.003786282795962266 0.0006251227172461845 0.0001476157156389205 0.0014693692196131659 0.012438643870605977 0.004602418361166367 0.00263795498847179 0.012243429512545522 0.011097673662556307
143 4880 0.034344824591060225 0 0 0.0032682094705851375 0.022567676913598456 0.017958872961759294 0.003983687218335825 0.0006453057820463768 0.0001612448488984864 0.0016106160630517913 0.013677193740527064 0.0051835437610290155 0.0028754507357971848 0.01342822039985368 0.01290958709472439
144 4914 0.03493702612750327 0 0 0.0032369247797536045 0.022590161374294544 0.018831954613803492 0.004010233669198919 0.0006367398373674048 0.00015199138515414724 0.001617883703406765 0.01445226940080097 0.005332106782004365 0.0029375034301398614 0.014062685435589051 0.013606477005718636
145 4948 0.031625262401471 0 0 0.0029013925902431487 0.020266375413068187 0.017293409788794224 0.0036011628429409364 0.0005581280380691472 0.00012902158563380135 0.001453862890183621 0.013231047034278793 0.004810724443166491 0.0026245849224419545 0.012902962992261523 0.0121603944398141
146 4982 0.03222671943952647 0 0 0.0027674122813299926 0.01998058066454508 0.017596165890373657 0.003598410426804702 0.0005589420781704558 0.00012883809734542706 0.0015204102389053916 0.013850543176296996 0.005084255162847124 0.002626689395292571 0.013546402877870671 0.01312243822796711
147 5016 0.03578997782286834 0 0 0.0031395621920476883 0.02123198045292588 0.0200133291646074 0.003875458174585429 0.0005920730313791907 0.00014125917181868664 0.0016586875032123462 0.016030092538264474 0.005803088783831498 0.0028275645763632565 0.015678378099780524 0.015232434559334018
