% # columns="iter, evals, sigma, 0, fitness, xbest" seed=705679, Wed Dec 24 14:38:29 2025, <python>{}</python>
1 17 0.28262349304536144 0 5.0 0.129448521240195 0.303565759587883 0.4617773999123606 0.6484962585332184 0.6055055947411184 0.7468268602441722 0.32719880560269116 0.433479603374391 0.9765691768516306 0.5319590100098641 0.8505403273918049 0.05620062444259255
1 52 0.27357885268998977 0 2.4651431032499427 0.04870109423228063 0.2582075332630344 0.31605108651993996 0.5952281275959438 0.6378745299935056 0.8576223102432131 0.7066912046289381 0.557883699198509 0.16588908479763564 0.48181512075417604 0.8524464994178165 0.7805378753680197
2 86 0.2579136581570577 0 2.4783302400690777 0.6007084357067598 0.46069375998427664 0.8418014714933046 0.9999549384422735 0.7443664043512952 0.973016963204191 0.5722905484763302 0.5527914178483773 0.9318821795903086 0.9063525737812972 0.4335669771165843 0.7947406653284671
3 120 0.2908143018608749 0 5.0 0.6594197371112037 0.4789436825254778 0.9099081155355482 0.9986589289603343 0.5655044216032952 0.44914378407035116 0.8909667117548244 0.5600655725553456 0.28366338556312426 0.5880507783044482 0.8223445724708325 0.9825673960250114
4 154 0.2849811070950531 0 2.468919681510507 0.41089803962958993 0.2241650210970032 0.4718090208321666 0.6338012594258797 0.7808906200839649 0.7772402859576217 0.44480713205935823 0.4304570300414625 0.19180069121634016 0.6955169974933862 0.4645316549263215 0.9436383453229206
5 188 0.29934035531792197 0 1.5245879841697236 0.012612681432157486 0.3672835570940072 0.19056917190431283 0.8665974331770143 0.7288860434485767 0.5676451247428936 0.7294641876659926 0.42700309601222786 0.30130019141382286 0.7503791960499157 0.9033778865682914 0.8031712916555144
6 222 0.29519830587709633 0 2.467691958614102 0.008538743550946633 0.3732251738151167 0.693646461479483 0.9987913093456774 0.9147369263208348 0.7260941769337811 0.6752841006068224 0.46995809628346213 0.20429432683414847 0.4846693470101005 0.7117028215016755 0.9095605519536996
7 256 0.3239616907847385 0 1.66756045206531 0.20344298627986737 0.33515632635809217 0.5589989011532973 0.8688487711873021 0.7346991514262935 0.9381338694082991 0.600939925408865 0.4299056360084591 0.8031414553036419 0.7844294796860305 0.5812102219288928 0.8493318453673319
8 290 0.35406776155776726 0 2.445649071136246 0.28921434644815336 0.15956378816470798 0.46870870166080647 0.817925575000627 0.6645442106358063 0.7667708138501744 0.999693919080445 0.4023390652765415 0.24227279463842094 0.7934801316260053 0.9562075095344257 0.5730506738213997
9 324 0.337630698288363 0 1.608327127391078 0.1250786283922619 0.2196635730882351 0.5839662391491103 0.8594644860272835 0.799335016589478 0.9905396836635012 0.6905134175517271 0.5290224083800916 0.30591433184292594 0.676134090844041 0.7636380267934473 0.9907668365617227
10 358 0.3194697197033109 0 1.6160379515681988 0.006852806753821455 0.26368209012809285 0.6444153643451469 0.7205886073879582 0.7026731354816635 0.6739188993525544 0.9141443534691326 0.4488823898336455 0.30552193736051864 0.9997601180885879 0.8147905206886027 0.6454310153841955
11 392 0.3076840451916717 0 1.761820522608694 0.2362381430219187 0.5935610207167934 0.41373091025459735 0.8808721338946602 0.8827425056453729 0.9389568447111345 0.6446207038888362 0.23711829347372437 0.5808088291819672 0.6967007199892984 0.9450482856729956 0.6019023502648985
12 426 0.2934164484329669 0 1.7998964308832937 0.3678872869746043 0.3056769314382307 0.5800708024836053 0.9793305263779224 0.9974642373070192 0.8258336784613072 0.7180245680156656 0.4652731817148824 0.22637616741255917 0.6952953372220866 0.7936384761579721 0.9394734713594879
13 460 0.2673338748002688 0 1.4641224967388895 0.2200382342589084 0.523349808218736 0.2611211733511872 0.8691224817883404 0.9834535948333916 0.5651457980603933 0.6054046519842937 0.40095677607063407 0.7222782566047429 0.6407412911676799 0.8073648153095797 0.9174860286570964
14 494 0.25591334366908214 0 1.4470742459294026 0.011191980001443568 0.42609531198605155 0.13196340027666806 0.9606840153262628 0.5979917218042233 0.8612483372770079 0.46277970217248277 0.36404925834394286 0.3210976249639453 0.6997604329005053 0.9525151589172778 0.8822725526175709
15 528 0.246174836941761 0 1.398668151093222 0.00012370565266968766 0.42852591931396233 0.14371809966996096 0.8201723642734774 0.6119388944608468 0.8319177468732183 0.41558120954574707 0.6898287863550872 0.6261187820485555 0.8330076147109383 0.9621670439174111 0.7139605541130291
16 562 0.2691506076087842 0 1.4452285070253503 0.04834364459930249 0.5109149045827496 0.22470495537794208 0.8469779042616853 0.833494584002379 0.7664650064424042 0.6161303535501553 0.7772832749032996 0.4675357565682473 0.6889138870812067 0.9656039898987183 0.9396523473054599
17 596 0.2719845890709805 0 1.409611300381139 0.1577997933268973 0.7450034548998482 0.11968854864672793 0.6530594552117874 0.6180526008159568 0.8297981776461653 0.7505006806717343 0.45134049759297346 0.2982436302720679 0.8172951348388249 0.6316281708150434 0.9993926735141532
18 630 0.26774109549055325 0 1.3655270078040351 0.0861872003822167 0.5188575667625202 0.18282661253880317 0.9450542071753232 0.7018326182785419 0.8540719044840787 0.539287457232163 0.64629580128968 0.4531602491341308 0.8690004661576866 0.6028793687828524 0.644899275691895
19 664 0.24215728037261702 0 1.4470761567444193 0.009486730426660433 0.7358182039314044 0.028628115957939678 0.9415206349699086 0.6025867776057423 0.8418774223665237 0.4984555747348445 0.6365931709034349 0.40315012517273585 0.6477534240503288 0.791577325873455 0.9133677907166239
20 698 0.2219066728168352 0 1.3788473960447671 0.052236861098012316 0.9445848206511992 0.30163852970589194 0.9492813297779773 0.5176495417278993 0.9328801026757284 0.5028789821462666 0.6553003442402919 0.6982117433894887 0.6398392141723003 0.8468074225535623 0.8093974007700252
21 732 0.22188350264662576 0 1.3427965808318318 0.0863417115781906 0.809144259094217 0.3733058174589714 0.8160156434171321 0.6209936672187375 0.9081334770110236 0.42733260625337516 0.3977166507278907 0.4947827320509339 0.7989151604220832 0.6373804245453936 0.8126433093532824
22 766 0.21201001064023753 0 1.309704732095497 0.09563783227101355 0.8154131189037058 0.21663706265442273 0.9738939151964625 0.5992665743277316 0.8266621629585696 0.42029146633631026 0.5140408399286923 0.6767684469212815 0.7582822699644624 0.6238926065436826 0.8049392428363215
23 800 0.20381027166312352 0 1.3729571885231502 0.03912574829436977 0.7021364517618861 0.442209888358628 0.9297018956533969 0.5681517860718883 0.9678107167578831 0.4844258189102985 0.5785181373811537 0.4558702854728103 0.7476391929001727 0.8347548200160808 0.9029373065754591
24 834 0.21206131937483036 0 1.3253369546844036 0.03744977786428964 0.835688661793105 0.3716023383869411 0.8362301272966489 0.515718495136348 0.8427451713807513 0.49543259950146296 0.5862664255084777 0.7976700138775791 0.6920554266530132 0.9359979776346817 0.9807267980670257
25 868 0.18658103116186048 0 1.3992511682397897 0.26947900068136027 0.897459573360751 0.34105375532271964 0.9641157486039947 0.5526655785093675 0.876045161043274 0.4982596308296597 0.6671072848425434 0.3724004297480334 0.7149978028213384 0.9702877275610534 0.9338290856094589
26 902 0.1786541168940772 0 1.315556008699348 0.21640864773498364 0.6648198818492872 0.44021507710480984 0.843225365489971 0.5993482886359153 0.7871075387189286 0.5328098513103451 0.5140085663101591 0.38008457317802347 0.7126648237535165 0.5941910631973717 0.855758071767959
27 936 0.18839310305533233 0 1.27193752082488 0.1601255316402933 0.7036130093062472 0.48526450643404623 0.9982148859680081 0.5105167191185828 0.8977955867712082 0.5457335011503288 0.4209284087372175 0.5762477843569521 0.6120786362790483 0.7881348372588087 0.6540212287898655
28 970 0.18506819148695053 0 1.2603397087052213 0.13274341470926246 0.6984767029210754 0.34125161762835665 0.7581988434643876 0.5988638043508787 0.9428850945124438 0.4982300635008514 0.6345159078221578 0.7370964143545823 0.6061785472058502 0.6132290695816114 0.8260054157733356
29 1004 0.17941501149796182 0 1.317078241217654 0.1601207413162714 0.9876699883279648 0.2962785403670254 0.999961796889961 0.5888586294491045 0.8705087727861603 0.5161857777017679 0.546438272511254 0.7433107061024625 0.6318390092133626 0.6275402381906328 0.999585677179911
30 1038 0.17052269822358215 0 1.2749939627921272 0.10384534169512649 0.6738641397156098 0.04891477760283668 0.9420465526088514 0.6011860886580125 0.8470428686420458 0.459810245677181 0.578614089097513 0.771965473283004 0.6563143079517368 0.5879817035086113 0.8901146891671416
31 1072 0.1691232984564744 0 1.169980495144525 0.15290363653190092 0.8951391302890492 0.14069740760940896 0.7671203796398103 0.5704196414459276 0.8413595342494669 0.52931600891458 0.7106948323315241 0.6893243615821579 0.6515878368571844 0.7866928662959918 0.7558745415182173
32 1106 0.1638652795843653 0 1.1040320954396723 0.1318240029614982 0.9999623655984347 0.158909687243471 0.8576961168409579 0.5608131002352658 0.7959575201480829 0.530504334436099 0.3078685108677221 0.7184223639725215 0.6156507386144766 0.6888038627694234 0.7904825220421114
33 1140 0.17046291784835857 0 1.0233927300119166 0.179262672553815 0.74697761267683 0.22095411125597345 0.931350890590249 0.5585568331486335 0.6422797424587776 0.5545867036898868 0.6673832248450668 0.6266871545604576 0.6381500117367638 0.7083839036512026 0.6619766500173493
34 1174 0.17367776849843042 0 1.0902993353774697 0.1776800234960746 0.9993796934611289 0.2192905716022234 0.8179467224714162 0.5234411496835023 0.6967448086666536 0.5915417889052655 0.3906776720514894 0.7711624686273616 0.6952363847656622 0.5749590788918193 0.9180113877866638
35 1208 0.19631611607645913 0 0.8790348359423242 0.16870423769474985 0.8004473869297143 0.3112030639258987 0.6521412169498857 0.5360409787108029 0.5489722204104148 0.4556240589927869 0.6311210222574057 0.6884521325113871 0.590619908122945 0.6217644418840665 0.6761830952899447
36 1242 0.20846825494282023 0 1.0541547731318146 0.1268297246389147 0.8606460867875694 0.21055644022879827 0.9217040514669583 0.5293627103475086 0.6280083209940314 0.5705592195677581 0.3964996026570752 0.7807534443012364 0.6928895748337724 0.602126402105022 0.8008358051805579
37 1276 0.2018720516758949 0 1.034675700288221 0.15397284275575918 0.9841236897126874 0.3744227175538628 0.9009424763671734 0.5515464256416427 0.642893966995587 0.47896567914354515 0.6724467192143693 0.7433381940722331 0.6578789262507463 0.6869797193658388 0.9031401971092634
38 1310 0.1919003542257453 0 0.8954927479131208 0.11199550641713024 0.5717791599549347 0.2279907251849856 0.8161931300215581 0.5531644243322397 0.5153567758077946 0.4878840964287139 0.3353620487304623 0.7448671769311778 0.6108244203324856 0.7289242463129594 0.9509087069772826
39 1344 0.17608510854416815 0 0.9013865686192843 0.12706739545289858 0.8106175108395077 0.0957165057169381 0.6030243423694559 0.5819728665501969 0.6249589174213093 0.4336711712719073 0.6338693684802958 0.6891172496094714 0.644811191716254 0.628647710234001 0.7285103913310252
40 1378 0.16067843132974255 0 0.9193634049776457 0.14788801308449917 0.8505283918294388 0.017202094761452416 0.9948625827042843 0.5336478896588561 0.5813765669542348 0.46301198364754087 0.6420770756369698 0.6926558023542747 0.5895363995989882 0.6324327893002739 0.6788644012700229
41 1412 0.1444535696925928 0 0.9113095292169044 0.10809572023536143 0.8153413726601723 0.2212621159664852 0.7895408045089037 0.5528901278841419 0.631490667203094 0.4100716118138248 0.6581972887010519 0.731456937128793 0.5959742253930672 0.610031949163228 0.7784832104798979
42 1446 0.14083315003824687 0 0.8817496146062437 0.10840935142988492 0.7958719705397725 0.24764706050923094 0.7383418024606577 0.5363106892714283 0.5583191914773751 0.47666743029135106 0.6547451966080688 0.7096565379503644 0.6309673561714819 0.7282955433655135 0.8455595686303455
43 1480 0.14043195779017342 0 0.971281605730513 0.13589893079395132 0.7231044848296646 0.2554098681233844 0.7732020455299541 0.5642557558689678 0.6100505218951154 0.4621423575565258 0.6462344081959918 0.6875249395554855 0.6522596627287067 0.6354087056654439 0.7774865529115151
44 1514 0.132101798611892 0 0.8545062683370447 0.1228340655614178 0.778270869332428 0.297322603287822 0.7577366250513079 0.5156519713205645 0.5225985971559313 0.44814145035150876 0.634119406538976 0.7093459039616822 0.6418300451948419 0.6719615484102356 0.7326517951163336
45 1548 0.12898821401448046 0 0.762314652007258 0.1457740398580989 0.7311193668624417 0.28794043628880883 0.7068601988931891 0.5232889981017692 0.5281891901907855 0.5053500735733735 0.6104475159497956 0.6876052120783923 0.5772282347859381 0.6478959389656499 0.7300597602824993
46 1582 0.12793403458264885 0 0.7028587069351667 0.1512737019006054 0.8213411788306497 0.19362306432375398 0.6381251178285191 0.5146786616317871 0.5289503080395969 0.48310777470569455 0.6195426313017268 0.6809523141297341 0.6097886452646851 0.6278458419400008 0.7922697631969825
47 1616 0.12959118867017563 0 0.6870247728479187 0.10123763619439069 0.7772030990976156 0.20187441283338214 0.6773857760355898 0.5349898052935375 0.5313390948667785 0.4772395206632769 0.6689213490468583 0.6532081303383684 0.5888765334165007 0.6463078612244598 0.7187125476024926
48 1650 0.1507929006229044 0 0.6898268600280884 0.07441528878475265 0.7782121831088068 0.16334867485852594 0.6736284453986471 0.5169897355768264 0.5164581301845956 0.4995116031680993 0.6110982791813259 0.6462703128690873 0.5898955355912743 0.6492387416812718 0.7009606499636046
49 1684 0.1514042717006617 0 0.6358380495323898 0.08000377782595264 0.7358650057442093 0.23900322461004217 0.6269194183051919 0.527215620759117 0.576587670871054 0.4275348446866702 0.6156071333967471 0.6902347426093488 0.5648254680679412 0.6200614153539514 0.7238765783349502
50 1718 0.139656419052195 0 0.6598217436739998 0.13639350041759224 0.8615358096822967 0.15742330128055376 0.6985216978779624 0.5369924504088638 0.5469224177301439 0.4017052425166166 0.6878114720186057 0.6773956585508335 0.6202245064509109 0.6879757062912679 0.7797919407045367
51 1752 0.13435345637228047 0 0.5639645868392859 0.14758989898644817 0.828394212553523 0.18064734601534682 0.7453086821094528 0.5277897676641304 0.5566368432660082 0.4127476854017387 0.6346129602131665 0.6904820002749109 0.582586477538582 0.6254593868477908 0.7105972943965908
52 1786 0.13436528984430957 0 0.6270392704487129 0.1614826448452763 0.707406687480936 0.3090278673891756 0.687725427821928 0.5225903793202359 0.5608954334760812 0.3994039611431507 0.5916381166702785 0.6693130754536111 0.5876922706609155 0.5843253456906039 0.6914445081483916
53 1820 0.1494417794843289 0 0.4662472850780771 0.07690682375239682 0.8114604090389658 0.22749683895098413 0.780124381628752 0.5147119216093843 0.5567262616007872 0.39157207978413466 0.675160605670184 0.6843157558174865 0.5634375704556929 0.6018537943944596 0.716929598336993
54 1854 0.14964972764463277 0 0.42013533000416725 0.10270432556576756 0.7855354617063717 0.15853530804955718 0.6886868233000928 0.5163411954242485 0.5460268876877418 0.39770823504832586 0.7026111275325366 0.6843486145000345 0.5599077092727917 0.6525350894929256 0.6681304364485201
55 1888 0.14600132866291993 0 0.5444893450240798 0.12511075812041286 0.7089609763985738 0.1677380543905531 0.7277294032196179 0.5262921182676251 0.5392601333097752 0.39160306914521426 0.6361254654922963 0.6849973453500527 0.5670022040808455 0.6133100938091444 0.624430342810464
56 1922 0.12382349844536025 0 0.4989361288972484 0.11539066135329895 0.7073566445348767 0.16535917447280324 0.7326701056690698 0.5169763573885024 0.5078274978976781 0.403919757245109 0.6405986965370799 0.6817965025058895 0.5623265617007591 0.6204871053811876 0.6603551238145727
57 1956 0.11384748017943037 0 0.4373364676298259 0.07608965783073426 0.7620975121803238 0.21839595027513142 0.6717442114887127 0.511010713301002 0.5054664633621602 0.40325977604508095 0.6358438366827995 0.6671649493419446 0.5766747820192545 0.6057085646925211 0.7010695624363193
58 1990 0.11916011222229862 0 0.4144029026184584 0.08412280006682504 0.8315377072571968 0.1939106589558493 0.6310785807836777 0.5280973435693164 0.5346847445600852 0.4002583397102773 0.648507895373355 0.6779842285656253 0.541963114136785 0.5777672375568839 0.6675814026395174
59 2024 0.11518694141590702 0 0.39354751001914007 0.08886700172100975 0.8712827053986189 0.08199317490092138 0.7260411365976289 0.5105051662349648 0.5468616679686097 0.39254266465732296 0.6617080621653325 0.6807613610655306 0.5492206930363988 0.5924257616370919 0.6577501082083282
60 2058 0.10619274926578949 0 0.38707356906511536 0.09540080743878276 0.7517493647602856 0.12321281512750884 0.6532806913333766 0.5013676975743465 0.5397709305467517 0.398921940437152 0.6414269690503597 0.6938982765793126 0.5403657096499368 0.5849793982407298 0.6431912834481177
61 2092 0.10745471849293947 0 0.3581924918414294 0.07385851403767615 0.8596721368434543 0.19458294079400673 0.6646852288489433 0.5034335347765565 0.5249333545909273 0.3880512921852589 0.619428200699391 0.6712496481290836 0.5630449953089509 0.5969494333554716 0.6708712775064062
62 2126 0.10652689562956402 0 0.4056919345739746 0.0688771490059216 0.819471164223565 0.24061824181195018 0.7136076288866815 0.5039115865595469 0.5040415212761556 0.3938414393787438 0.6945329533076479 0.6612411830046493 0.5693626071948861 0.653242056895063 0.6892706593832939
63 2160 0.10319838611785534 0 0.34091855308974084 0.06387478146869147 0.8293185832215733 0.1501876248752665 0.7022087165402023 0.5103009573495079 0.5164531375679058 0.3896110024742191 0.600144812345796 0.6814884106500355 0.5529212737772359 0.5650412225201668 0.6578289473778255
64 2194 0.09604647953513955 0 0.3727284174407214 0.061204575236394415 0.8520479397973456 0.18090052449539895 0.6513673120368971 0.5001633185201487 0.5142133701988498 0.40527639805551857 0.6624980727664613 0.665837153435774 0.5425682971362688 0.5892717293128329 0.6451742026677154
65 2228 0.09576076981452628 0 0.36198827784297133 0.07170133316932842 0.7744045514788582 0.14238852082259326 0.650803088946033 0.5061335122134099 0.5197718251656605 0.3875465074735868 0.6090165830617444 0.69410663874057 0.5589219380377205 0.5620460834874244 0.6791159465774201
66 2262 0.09296582680415894 0 0.3323662396202323 0.10985084188209199 0.8789398305776059 0.022154206821676535 0.6986363130119962 0.5095246543312384 0.5267630092959875 0.38862711395220206 0.6125522784525835 0.6973247832627779 0.5524419035354698 0.5629989443146103 0.6545806363023267
67 2296 0.10063263406252443 0 0.382781983037402 0.09215790375281252 0.7574897957236297 0.01605547090241237 0.681265209865117 0.5148020014204904 0.5245157971303266 0.39926150853179754 0.6560546573142166 0.6917997339652903 0.5463102938364016 0.5831185622747612 0.6857641693099853
68 2330 0.09525942978116678 0 0.3398654622614516 0.08252738527370349 0.8037597439763545 0.10005962778449182 0.6321873642932107 0.5089296290167523 0.514245984427752 0.39706342939137207 0.6115049542493589 0.6783346895515118 0.5496650513832265 0.5970341294630017 0.6816294891067838
69 2364 0.08441964582551209 0 0.333909557896954 0.08047384691187687 0.8630433738294299 0.0918515314096294 0.6798203757591349 0.5114906616647881 0.5207714416969355 0.38812895419261667 0.6276349166918576 0.6943576507620778 0.5483518306859091 0.5935985561424275 0.6547431602380137
70 2398 0.08010655337418304 0 0.34318558241983643 0.10407852585507779 0.8639946771957733 0.027636794181952716 0.6951088361741309 0.5025763961200589 0.532542319972033 0.390710674854977 0.6132951490919036 0.6938831459009885 0.5574419443003386 0.577412409314853 0.6772196468181566
71 2432 0.07970568211046322 0 0.31823327837790505 0.11037846541763532 0.7664853868843959 0.08716236221195331 0.6269804481740486 0.503704436626375 0.5226184156028424 0.3919422666342886 0.6481572263291326 0.6921447251261102 0.555058594912656 0.5957804636825319 0.682253094393037
72 2466 0.08198982294010178 0 0.314813921392903 0.11160706463296136 0.8248149624862384 0.10090323704012327 0.6687024013815933 0.5116185044585783 0.5115505377522506 0.39231489927021235 0.6320137192988085 0.6805109588233701 0.5648609170595827 0.581531554069854 0.6890728277964604
73 2500 0.08981610755342033 0 0.30048451814493754 0.11725766457071585 0.7281140371390643 0.11659461715407003 0.5872120033187354 0.5078079780620365 0.5134287356713281 0.38992515756547547 0.6514378677756986 0.6799685576006776 0.5552519878518537 0.5921051642533712 0.7024369390959609
74 2534 0.09579264218844834 0 0.30609471111648934 0.10665655705152827 0.7702325362349589 0.13200045336704463 0.6055582720820136 0.5011020681301999 0.5081133424498088 0.3976901777932958 0.6957038431622417 0.6766428778328225 0.5552586358146788 0.6249440986823735 0.7184959578207838
75 2568 0.08643142292342579 0 0.3327743958303856 0.11580860798127343 0.7518947463196777 0.17818018630570845 0.6530247139492354 0.512318830721655 0.5088492731418939 0.3874899251686982 0.6735735289449072 0.6650192616161384 0.5674021926407258 0.5965832778375388 0.6973037865330954
76 2602 0.093002441762329 0 0.3022812582604522 0.13721697884969472 0.6270678605963265 0.12829894194039895 0.5283697387077738 0.50039554196273 0.5139808275961008 0.3924546730982745 0.6940129835451057 0.7032175759025995 0.5440887634823094 0.6080895650782339 0.6764669854043487
77 2636 0.0904342508364441 0 0.2937445963271559 0.10683964815029398 0.743114827564103 0.2147240147475358 0.5839785654526939 0.5089460522925268 0.505274164771643 0.3936932700291217 0.656314953223947 0.67024498461688 0.5521751987852778 0.6003971661981217 0.6951834562211517
78 2670 0.08763481815260114 0 0.29965171430167875 0.12176247737304427 0.7637615446016409 0.1514400281047476 0.5898838202962535 0.5056288235533716 0.5132381768146262 0.3896257454505174 0.7114605015722503 0.6717228000854515 0.5511713649366329 0.638830940780418 0.6549656393752276
79 2704 0.08273575120710175 0 0.2804792585133524 0.14761803877790622 0.617626858394948 0.15604093753436307 0.5317219602010435 0.5022619653105633 0.5064643858830878 0.39987909688509066 0.6756540936849272 0.671030465977201 0.5455694471587281 0.6022587727511777 0.6861515305976207
80 2738 0.08496668551952433 0 0.28401037542427293 0.16078411711081803 0.6433426931041286 0.145219580918144 0.524474359332838 0.49733391024015244 0.5052076603308163 0.398680237047316 0.6910083824601128 0.6816879941196176 0.5579985593378313 0.616506656880257 0.6952672405641792
81 2772 0.0791899257696382 0 0.28207963095909494 0.14160438312866905 0.8086769142539314 0.12171134229735556 0.5540831326159957 0.4960273745263209 0.501735692702053 0.3967814868822775 0.7031286298064139 0.6758337718985271 0.5617742385718806 0.6358978528707607 0.7224486649616559
82 2806 0.07822420384165897 0 0.27786014996228386 0.1558601639454405 0.6296389032490541 0.15661673087444306 0.5274647715863287 0.5061853450179913 0.5045096516904354 0.4000417288616686 0.679934949620782 0.6767892421345637 0.5477117983757458 0.6368527621808264 0.68919541793653
83 2840 0.07674656786614958 0 0.27788606579303143 0.15816125697209366 0.6563195262891558 0.0896684801961162 0.5004713902879252 0.4981732710922243 0.5038756841330696 0.4046506725092405 0.6603393991371606 0.6830092033062168 0.5516366868281761 0.6040322119051299 0.7295695707341219
84 2874 0.0740539921415012 0 0.2746822877224499 0.14244552122949383 0.6505800246135005 0.20748125119129698 0.5313619157501362 0.4984488216245486 0.5009669600913003 0.3985178056446474 0.7309458291541482 0.675014279907212 0.5515377461393298 0.6391762880992004 0.6769596961711092
85 2908 0.0792312916123763 0 0.26891499820604675 0.14231097864792372 0.5846354713100145 0.1761647429876979 0.5026594044938906 0.5040377643258475 0.5024240343832279 0.3978288040426049 0.7445556364845742 0.6762657562533408 0.5421676567295673 0.6597477633206659 0.7180293965885145
86 2942 0.0737227601542433 0 0.27537292591787327 0.13974722406163106 0.777435100779976 0.10005341141270288 0.5577716502716786 0.5033466122540655 0.5073054423540537 0.38968671977462527 0.6744704925512166 0.6773615929671929 0.5571801411543739 0.5844245669101777 0.6952905914010116
87 2976 0.07183985373952954 0 0.2675682867649233 0.15654532704186447 0.7344819595418604 0.10975913905873061 0.5095122374167491 0.506540244477324 0.5024509345352869 0.39479915921378694 0.6904883231719686 0.6729771007921873 0.5563551142165148 0.623595947893083 0.6986883469424313
88 3010 0.0652147456480217 0 0.2688566168367465 0.13970340301367196 0.7194227391415677 0.12502827507064612 0.5560082655973875 0.5044091997709134 0.5037980679924261 0.3894452012540528 0.69246898825767 0.6774111700749667 0.5569635583871876 0.6064826866042915 0.714519739544989
89 3044 0.05791754141135642 0 0.26487247075273096 0.14296787318700463 0.719468712619676 0.1618285330090928 0.5341751219213422 0.5048453171700011 0.5031626638376548 0.39446277433150767 0.7158605207913787 0.6615426875938909 0.5513448924799685 0.6355005270013049 0.6882464023962162
90 3078 0.05380445100578926 0 0.26764489615635456 0.1581484840341888 0.6385643802108288 0.1897655501493083 0.5042911545011775 0.5020179013570816 0.5021121263580702 0.3933308648689878 0.7262421849225985 0.6776373792092986 0.5560987436146221 0.6485458587246551 0.7179049286677676
91 3112 0.05353884285159887 0 0.2668924736202427 0.15154037671623555 0.696953670427136 0.11082368144375515 0.5309124545956996 0.5029738263282194 0.501444240841704 0.395857040740693 0.6924529439161092 0.663025845351065 0.5552681539234696 0.6264269007633325 0.6838155202359756
92 3146 0.05142024281966406 0 0.26249253875506773 0.14011100446823285 0.714404812914889 0.13418022763887905 0.5382866519352194 0.5058457634324864 0.5028099373270043 0.39200602685464336 0.6783019751983653 0.6625519932833316 0.5543184559004166 0.597965883742723 0.6876158733072043
93 3180 0.05282470155261161 0 0.2638384122397326 0.1482409482519581 0.8114751546523347 0.14102804163784238 0.5186764452801973 0.50482623952841 0.5022258661435052 0.39111808654922486 0.691150300322555 0.6634489161306977 0.556142241666574 0.6171603449394893 0.6960131421990686
94 3214 0.053091831345232474 0 0.2631636653887693 0.12820301008952553 0.7330059437813345 0.1374657286767212 0.5427022345066684 0.5052718965578445 0.5031023829005689 0.3897754378532559 0.6756544291898121 0.6594790865369683 0.5550047258328455 0.5804325774649916 0.6935696153718465
95 3248 0.05506191942604735 0 0.26115658301360684 0.14573515833217668 0.6636140127274418 0.17744347630623247 0.5211438669402655 0.5044048296575007 0.5017521693738866 0.39010883053036693 0.680560365358438 0.654627449605497 0.552292846310808 0.5925008319754035 0.6781417289024116
96 3282 0.05376650869437442 0 0.2650690699498211 0.13321923365929994 0.78104206540185 0.14406762950240792 0.5551735643332408 0.5059100693268002 0.5024643311677477 0.3922974469990527 0.6705977056600706 0.6631337922784811 0.5642633553494358 0.6113824826160877 0.6973793255554803
97 3316 0.05202956730251396 0 0.2628302832251362 0.13501869723564297 0.7180881414779573 0.17963638710605498 0.5444365314274338 0.5056267180184987 0.502815750688954 0.39322738629157356 0.6859042150422533 0.6599228436319268 0.5573634279410319 0.6107297705161701 0.6844608824031401
98 3350 0.045161334419307975 0 0.26185113953129924 0.1445034375937194 0.7189043938493386 0.18186142971853747 0.5279646891854701 0.500357741720441 0.5021201651270905 0.3929724478026095 0.693360897216251 0.6553072285876257 0.5547377743669919 0.6090899068353037 0.6837926987116116
99 3384 0.043341847442169436 0 0.2612772898937423 0.14257365173164208 0.6677860758502273 0.2266882770539279 0.5359952770011509 0.5029393043284575 0.502075959010789 0.39014994476128734 0.6811752723735681 0.6557983953606957 0.5561096110022149 0.5914143979138347 0.6777861268950524
100 3418 0.039383985961841624 0 0.26047368473195676 0.14517446776535317 0.6506495951238994 0.21136469318872184 0.5235365751360728 0.5022868253087832 0.501608391679537 0.3926128744306615 0.6863045879516921 0.6511220608132965 0.5539484895417665 0.6019324834157664 0.6800932120392589
101 3452 0.03685978627555206 0 0.2596072988346434 0.14440252191931044 0.6979079846924903 0.1699362606815836 0.5304428550408966 0.5026593127029793 0.5011175602752327 0.3902932165901355 0.6923551834569295 0.646837112292593 0.557121979761737 0.5993564088339072 0.6873800991171269
102 3486 0.03522099308572545 0 0.26164369539279003 0.14533616800528565 0.6629644738495265 0.21665579527572176 0.5236186836961458 0.49843066833632527 0.5017406238572557 0.3948626110105984 0.6970840024838666 0.6614149888679018 0.5515306458286698 0.618741551898392 0.6974167110280888
103 3520 0.033734637238089685 0 0.2603870464851003 0.1381436881512462 0.7460259732494103 0.14351070698809223 0.5415978794154455 0.5019866484945201 0.5019605288127761 0.39069877787558155 0.6738277755455514 0.6554833978028912 0.5579916717469808 0.6035748386421785 0.6942570353636865
104 3554 0.033897951205269464 0 0.25858155892017815 0.13678567676209535 0.6581362652779319 0.19978382183412902 0.5327254617041179 0.5045577407578523 0.5016076759833321 0.39100691183446523 0.6806859521214014 0.6461851486426341 0.5553557025320595 0.6002479734090655 0.6758100466457152
105 3588 0.032544447317917675 0 0.2592870760285905 0.13626872356573308 0.7279320588572291 0.15929925301505155 0.5483889905228896 0.502872971940716 0.5015388325016661 0.39055835693995505 0.7017134032360249 0.6521490403591462 0.5581087791362677 0.6175813119110583 0.6870287479111745
106 3622 0.03178234292337161 0 0.25838367852966326 0.13977157982894645 0.6880442671427792 0.21216164867983872 0.5314540436931813 0.5027105657854439 0.5013286121326543 0.39001233689596115 0.6926477048041784 0.6488882468943714 0.5547893678074045 0.6073721112439151 0.6843023842034773
107 3656 0.03086611509861448 0 0.2594009952453016 0.13327945220544704 0.7000469230905464 0.18623054027703534 0.5306244984377592 0.5016269219045487 0.5011737836449455 0.39121284131276124 0.6850439545930167 0.6462911423187155 0.5530207750121714 0.5953397972928418 0.6829068755541134
108 3690 0.030434319168835856 0 0.2582141346391378 0.1307113885475842 0.7032825293775992 0.19208103911412672 0.5420136165210991 0.5009311236960855 0.5015333362585802 0.39148673367206976 0.6939764915620292 0.6437917240938674 0.5567618870637864 0.6032733375501009 0.6746860682095105
109 3724 0.029880896106925528 0 0.2584409464886344 0.13587141285490348 0.7063923459359448 0.23445292775359985 0.5355661159264394 0.5024059920241066 0.5010767381741961 0.393062669233781 0.7036964904846115 0.6513267952822156 0.5546499235410779 0.6197677818792626 0.6989841233428805
110 3758 0.02664847052531573 0 0.257513856405459 0.1318800699158397 0.7120623118460742 0.19789498552161106 0.5412622233395724 0.5020920568665812 0.5013765560220136 0.39178680408363425 0.6840214919537148 0.6468186746777244 0.555539211887786 0.5951786855733185 0.6867285933155879
111 3792 0.024482308597005255 0 0.25772103370193905 0.13091146823349958 0.6906291251134503 0.20154369490948096 0.5394101515340821 0.5016060958862729 0.5015335849560912 0.39196774431229725 0.6822772898729319 0.6455905790245814 0.5544144915170283 0.5923681573738842 0.6818101736119576
112 3826 0.025358061379551218 0 0.25796570238045813 0.12604387061246278 0.7245166308180058 0.19261809066054 0.5445482540807548 0.5034210111850936 0.5016795649174164 0.3914935782513096 0.6776892914960564 0.6438927211422979 0.552922867570397 0.5887691142579058 0.6794906943930938
113 3860 0.023477360475931984 0 0.2575560281455696 0.13129020648597717 0.6996374341771501 0.18790101841389784 0.5417982585658606 0.5025284159707872 0.5015589991887817 0.3912573480755483 0.6862245268331347 0.6431160372171733 0.5549909603203159 0.5956542184181008 0.6757039106242883
114 3894 0.021910647257143732 0 0.2575587802338683 0.13514755994575448 0.7143590847123791 0.19708969284447386 0.5337898306231803 0.5023212335385192 0.5010217607118006 0.39189591045209765 0.6805252287646516 0.6476247313748597 0.5552531009085241 0.5943725938784895 0.6939103110443599
115 3928 0.021366285187863245 0 0.25730220361518163 0.13119637037770396 0.701242113688371 0.21526121286051822 0.5363390827166202 0.5023195438913822 0.5012514071019655 0.3915128911391531 0.6816553345837721 0.6404762789647326 0.5532792226900195 0.5926796264732598 0.676934672712289
116 3962 0.019266450358695782 0 0.2573975549584602 0.1332549692775076 0.7163104906241631 0.20888196166493253 0.5349702613762127 0.5014334141458141 0.501148757325388 0.3942916618126641 0.6873882058237794 0.6450834943911538 0.5536991976406697 0.6041853655984104 0.6865810522850533
117 3996 0.01910884895407573 0 0.2572150286926164 0.13234684448414236 0.7096713212228962 0.21470117257736335 0.5321701365993469 0.501214749172412 0.5010782441344394 0.3927812923341937 0.6805617268025318 0.6460085259193286 0.5530193076063966 0.5908624531400452 0.6904912094371157
118 4030 0.01931756987177412 0 0.25710060397330486 0.1340482360727243 0.7038845369672071 0.19976477641212684 0.5334677162130761 0.5017238865094774 0.5011015441233786 0.3913486036329415 0.6875639729437663 0.6448719279967287 0.5533837032540289 0.5927120956322207 0.6871110198230177
119 4064 0.021169049072526744 0 0.2569390841318995 0.13055913224476187 0.6845220668566437 0.21678585626460223 0.5290547235612504 0.5017145266771029 0.5010582549718164 0.39167759440803684 0.681256038896022 0.6431080517207345 0.5508830302618506 0.5889828568268511 0.6880020050125528
120 4098 0.02281543717703303 0 0.2572585696706073 0.13262392809342383 0.7175681941303513 0.20381641180437576 0.5342135952541696 0.5017379361221981 0.5013514426940696 0.39213406859986394 0.6889273999982494 0.6486501081917523 0.5518099977519151 0.5984579092222132 0.6918316839921811
121 4132 0.02520904222996561 0 0.2570155819274886 0.12596223766001838 0.7175163773027405 0.196179704855134 0.5383864801470998 0.5029632897550643 0.5012014661455748 0.39233642224651305 0.671266575605195 0.6462191261941753 0.550895068195988 0.5878167606753747 0.6941019368379728
122 4166 0.027118795513855844 0 0.2568767391268041 0.1266133963831874 0.7073022283085867 0.18793439189099437 0.537377750918403 0.5021136014979971 0.5009827108521003 0.3927082047983175 0.6779499211654516 0.6482483860866733 0.5519488931243804 0.5892524188808766 0.7030535497282684
123 4200 0.02751121108799146 0 0.2568150709656057 0.13188399288716565 0.6994416257672021 0.19640474049882564 0.5290295637267276 0.5010681723138322 0.5010662660791191 0.3924633925865422 0.6881546370057953 0.6458125091280035 0.5508156295127148 0.5947130124908013 0.6933863764349018
124 4234 0.02368566339043869 0 0.25692895010503103 0.12945904893500032 0.6747019649012528 0.2106383676970523 0.5246842899945792 0.500248265117017 0.5010460403155678 0.3907135587987489 0.6763729775282151 0.6445497926327036 0.5495539748958226 0.580559887409738 0.6929050426882613
125 4268 0.021529032216180435 0 0.25674713489031503 0.13036561426382096 0.6798407086723696 0.22893792468036706 0.5273395718267782 0.5011266119327806 0.5009570028330845 0.390795870941124 0.6844896283013412 0.6452120494223529 0.5498212741095365 0.5888416681611653 0.6948566948481777
126 4302 0.021177534892257325 0 0.2566624214419638 0.13108395027201394 0.6882732129993097 0.1843289262536289 0.5300941304865253 0.5017166209096474 0.5010298638161795 0.3922174357293956 0.6876613336629114 0.6448857190384881 0.5489529143470748 0.5922472003482802 0.6911243979982542
127 4336 0.019686685184257726 0 0.25659157488624806 0.1289123904642956 0.6813788486114418 0.19981501707895524 0.5297403203050013 0.5019154663361367 0.5012051415659206 0.3925638673133381 0.6879403054307552 0.6480127639773731 0.5480753279885846 0.5948507616870549 0.6963639162889286
128 4370 0.02136400425169496 0 0.2566324703855275 0.1254946395634027 0.6807455382641093 0.19687330027222522 0.5328285262848151 0.5020431032844349 0.5010072115665909 0.38973209535772285 0.6825942993178932 0.6415921639458485 0.5499842213930191 0.582499446085327 0.6886494513464966
129 4404 0.024761594553659085 0 0.25628514131754326 0.12487739570631481 0.6571477910985359 0.19851618761245166 0.5305984442790626 0.5021740039071676 0.5010006709625686 0.3925720875381493 0.7073710176629107 0.6411284111386898 0.546347077881535 0.6049557557588007 0.6884413581499705
130 4438 0.031098933023881396 0 0.2560358265375738 0.12521693777534396 0.6539284720662953 0.20120710790038418 0.5234440192509126 0.5017082715814771 0.5007868275822641 0.3916264453868204 0.6976243971960783 0.6474214339446037 0.5448685524483007 0.5994134536184447 0.7093809921756802
131 4472 0.03546604121247112 0 0.2561771181727084 0.1290283966744557 0.6876057272545024 0.18086819737672108 0.530514288017394 0.5023215024434244 0.5010361826413715 0.39152756934886235 0.6976232793436825 0.6526808679904258 0.5491686074635812 0.60161142511768 0.7113513194346053
132 4506 0.03567466573098755 0 0.25639052072706486 0.12597603688537842 0.6833675986889135 0.18339279426837396 0.526865675871233 0.5020599763436403 0.501076672579315 0.3943898349761403 0.712698600654042 0.6529042879570398 0.5442716769284661 0.6238054523590685 0.7125351990416262
133 4540 0.0328167495655055 0 0.25622963568386553 0.1236802715152426 0.6503115755859226 0.22409354849814694 0.5262313382982532 0.5017920684985242 0.5009774612790356 0.39371606011612426 0.7208323903385354 0.6439892027448856 0.5434180335839018 0.620360742990854 0.6976526591705077
134 4574 0.0291311994336323 0 0.2561774542342658 0.12529260541224485 0.6117732052664748 0.22195231706256469 0.5235573444468313 0.5015007324433235 0.5008171615241513 0.39156040188539026 0.7212460973204244 0.6435929187742185 0.5454378902710518 0.6167814417966283 0.701352309159912
135 4608 0.02731539565067492 0 0.2559902919148762 0.12684316096537754 0.6674295289876094 0.19652151535438475 0.5244525634960986 0.5016035440959479 0.5008348311995564 0.3924272230414311 0.6994951011607583 0.6469862144400244 0.5445614290526416 0.6007192164162 0.7065067069414198
136 4642 0.02764935417126411 0 0.2556835074845981 0.12366040666723585 0.6477086526406923 0.19007909395188344 0.5210344223484097 0.5018426831457896 0.5009071882681131 0.394578842230354 0.7204127344873296 0.6539035547180067 0.5404308932062382 0.6168265208020918 0.7219872523958755
137 4676 0.029612133009948534 0 0.2558268819397186 0.1249021578168403 0.6270934413692671 0.21574647812950834 0.5203913010319444 0.5023078169719009 0.5009043504137579 0.39051799711587104 0.7076365062787917 0.6511109572555694 0.5428605169228375 0.6021128220094214 0.7140075392477031
138 4710 0.03262003573111092 0 0.2552340482848427 0.12644325337613263 0.6361984425841498 0.18221066178239617 0.518534789967048 0.5016765109945204 0.50072367326483 0.39325860028718856 0.7334781136978006 0.6564285591612647 0.5398333498889138 0.6294883400124964 0.7335423177832048
139 4744 0.03663417397326605 0 0.2555549469215516 0.12527871595797957 0.6522485838069392 0.16473445430028455 0.5248731218619594 0.5018814933000544 0.500817593416054 0.3946981789384811 0.7203573955279278 0.6627127819850779 0.5428588370812082 0.6155896254161219 0.7438153279425819
140 4778 0.03386248629388295 0 0.25557966067072074 0.12564176983396497 0.6215570487971461 0.20385809190694573 0.521167825598199 0.5015842772764277 0.5007075783806588 0.3925563120769535 0.7129482979989111 0.6523618900661433 0.5428529037449472 0.6119652427769702 0.7240450943075801
141 4812 0.03064970991940425 0 0.2554325175957464 0.12334770234704034 0.644850117578756 0.20902729345391446 0.5229326715843278 0.5015219964147627 0.5009561880925384 0.3964519389882947 0.7421737215298277 0.6576205722824006 0.5411480071644909 0.637121446017504 0.7297359700361814
142 4846 0.031742300966952255 0 0.25519491912684233 0.12638513393107684 0.633583577960243 0.18608672065057766 0.5180766129231797 0.5019112724559435 0.5006933904726055 0.39422449583642055 0.739337224298763 0.6607160324177198 0.5391475836268117 0.6410608817386794 0.7454560283056789
143 4880 0.034344824591060225 0 0.25519433442312045 0.12859092416150492 0.6478877777742807 0.16528643368004223 0.5185660681067366 0.5019177615587281 0.5007383963441764 0.39610649306856843 0.7401321058381057 0.665349629970898 0.5398318784026799 0.6437570072189707 0.7522822023541959
144 4914 0.03493702612750327 0 0.25500026239015366 0.12733002421598913 0.6370767068149243 0.1661470470817719 0.5176993830655928 0.5015268873967968 0.5007175113458812 0.39343435688936707 0.7458888915769987 0.6639347053306847 0.5400972658677029 0.6403305994894055 0.752481763449338
145 4948 0.031625262401471 0 0.25536882403313316 0.12839067819618077 0.6457139227679298 0.18265043469188927 0.5175030547229281 0.5004411359196871 0.500635798099662 0.39322757697193983 0.7328132262741827 0.6599342258109465 0.5414828409378879 0.631686761801957 0.7439589717637652
146 4982 0.03222671943952647 0 0.2550498984139366 0.12488405273045755 0.6582574591613787 0.14607726967924145 0.5215516706326966 0.5010277595050064 0.5006367589848562 0.3927936609000432 0.7472164282500501 0.6689618142964829 0.5419647953272679 0.641617911776201 0.7683911329520127
147 5016 0.03578997782286834 0 0.25497902812717216 0.1292792738817979 0.6377158390463392 0.1382538646560076 0.5181502042369851 0.5011092407640212 0.5006639693349129 0.39335723818354745 0.754881144099156 0.6715716993260393 0.5415426791796127 0.6450236945659494 0.7736237030290581
